   0.0000000000000000      -0.99999999999999956      -0.99999999999999944      -0.33333333333333393      -0.33333333333333343     
   0.0000000000000000      -0.99999999999999956      -0.99999999999999944      -0.33333333333333393      -0.33333333333333343     
   0.0000000000000000      -0.99999999999999956      -0.99999999999999944      -0.33333333333333393      -0.33333333333333343     
   0.0000000000000000      -0.99999999999999956      -0.99999999999999944      -0.33333333333333393      -0.33333333333333343     
  0.15000000596046448       -1.0114360686091350       -1.0111061619786066      -0.40888992512477201      -0.40856001849424434     
  0.15000000596046448       -1.0114360686091350       -1.0111061619786066      -0.40888992512477201      -0.40856001849424434     
  0.15000000596046448       -1.0114360686091350       -1.0111061619786066      -0.40888992512477201      -0.40856001849424434     
  0.15000000596046448       -1.0114360686091350       -1.0111061619786066      -0.40888992512477201      -0.40856001849424434     
  0.30000001192092896       -1.0477756027957794       -1.0428604567990452      -0.49166350477773957      -0.48674835878100470     
  0.30000001192092896       -1.0477756027957794       -1.0428604567990452      -0.49166350477773957      -0.48674835878100470     
  0.30000001192092896       -1.0477756027957794       -1.0428604567990452      -0.49166350477773957      -0.48674835878100470     
  0.30000001192092896       -1.0477756027957794       -1.0428604567990452      -0.49166350477773957      -0.48674835878100470     
  0.45000001788139343       -1.1134258592750041       -1.0915131720147060      -0.57907066298220777      -0.55715797572190973     
  0.45000001788139343       -1.1134258592750041       -1.0915131720147060      -0.57907066298220777      -0.55715797572190973     
  0.45000001788139343       -1.1134258592750041       -1.0915131720147060      -0.57907066298220777      -0.55715797572190973     
  0.45000001788139343       -1.1134258592750041       -1.0915131720147060      -0.57907066298220777      -0.55715797572190973     
  0.60000002384185791       -1.2104619540783275       -1.1528795235035667      -0.66955104737842863      -0.61196861680366899     
  0.60000002384185791       -1.2104619540783275       -1.1528795235035667      -0.66955104737842863      -0.61196861680366899     
  0.60000002384185791       -1.2104619540783275       -1.1528795235035667      -0.66955104737842863      -0.61196861680366899     
  0.60000002384185791       -1.2104619540783275       -1.1528795235035667      -0.66955104737842863      -0.61196861680366899     
  0.75000000000000000       -1.3352718555620156       -1.2234349617544109      -0.76214285797541870      -0.65030596416781428     
  0.75000000000000000       -1.3352718555620156       -1.2234349617544109      -0.76214285797541870      -0.65030596416781428     
  0.75000000000000000       -1.3352718555620156       -1.2234349617544109      -0.76214285797541870      -0.65030596416781428     
  0.75000000000000000       -1.3352718555620156       -1.2234349617544109      -0.76214285797541870      -0.65030596416781428     
  0.90000003576278687       -1.4808910656871168       -1.3005724235684826      -0.85623425415813414      -0.67591561203950101     
  0.90000003576278687       -1.4808910656871168       -1.3005724235684826      -0.85623425415813414      -0.67591561203950101     
  0.90000003576278687       -1.4808910656871168       -1.3005724235684826      -0.85623425415813414      -0.67591561203950101     
  0.90000003576278687       -1.4808910656871168       -1.3005724235684826      -0.85623425415813414      -0.67591561203950101     
   1.0500000715255737       -1.6408432773609032       -1.3824639322179049      -0.95142261868002509      -0.69304327353702655     
   1.0500000715255737       -1.6408432773609032       -1.3824639322179049      -0.95142261868002509      -0.69304327353702655     
   1.0500000715255737       -1.6408432773609032       -1.3824639322179049      -0.95142261868002509      -0.69304327353702655     
   1.0500000715255737       -1.6408432773609032       -1.3824639322179049      -0.95142261868002509      -0.69304327353702655     
   1.2000000476837158       -1.8105065827038811       -1.4678456756426497       -1.0474344771194741      -0.70477357005824193     
   1.2000000476837158       -1.8105065827038811       -1.4678456756426497       -1.0474344771194741      -0.70477357005824193     
   1.2000000476837158       -1.8105065827038811       -1.4678456756426497       -1.0474344771194741      -0.70477357005824193     
   1.2000000476837158       -1.8105065827038811       -1.4678456756426497       -1.0474344771194741      -0.70477357005824193     
   1.3500000238418579       -1.9868628647592710       -1.5558391984308872       -1.1440786937239251      -0.76435699966171844     
   1.3500000238418579       -1.9868628647592710       -1.5558391984308872       -1.1440786937239251      -0.76435699966171844     
   1.3500000238418579       -1.9868628647592710       -1.5558391984308872       -1.1440786937239251      -0.76435699966171844     
   1.3500000238418579       -1.9868628647592710       -1.5558391984308872       -1.1440786937239251      -0.76435699966171844     
   1.5000000000000000       -2.1679638523754696       -1.6458250379648016       -1.2412181087485388      -0.85547214774400449     
   1.5000000000000000       -2.1679638523754696       -1.6458250379648016       -1.2412181087485388      -0.85547214774400449     
   1.5000000000000000       -2.1679638523754696       -1.6458250379648016       -1.2412181087485388      -0.85547214774400449     
   1.5000000000000000       -2.1679638523754696       -1.6458250379648016       -1.2412181087485388      -0.85547214774400449     
   1.6500000953674316       -2.3525286854863556       -1.7373586231592875       -1.3387521084474354      -0.94850339566040132     
   1.6500000953674316       -2.3525286854863556       -1.7373586231592875       -1.3387521084474354      -0.94850339566040132     
   1.6500000953674316       -2.3525286854863556       -1.7373586231592875       -1.3387521084474354      -0.94850339566040132     
   1.6500000953674316       -2.3525286854863556       -1.7373586231592875       -1.3387521084474354      -0.94850339566040132     
   1.8000000715255737       -2.5396910806325970       -1.8301146716220045       -1.4366050983240590       -1.0429097423439255     
   1.8000000715255737       -2.5396910806325970       -1.8301146716220045       -1.4366050983240590       -1.0429097423439255     
   1.8000000715255737       -2.5396910806325970       -1.8301146716220045       -1.4366050983240590       -1.0429097423439255     
   1.8000000715255737       -2.5396910806325970       -1.8301146716220045       -1.4366050983240590       -1.0429097423439255     
   1.9500000476837158       -2.7288485917191156       -1.9238511767759263       -1.5347196036848036       -1.1383307482765244     
   1.9500000476837158       -2.7288485917191156       -1.9238511767759263       -1.5347196036848036       -1.1383307482765244     
   1.9500000476837158       -2.7288485917191156       -1.9238511767759263       -1.5347196036848036       -1.1383307482765244     
   1.9500000476837158       -2.7288485917191156       -1.9238511767759263       -1.5347196036848036       -1.1383307482765244     
   2.1000001430511475       -2.9195705611943432       -2.0183848890243561       -1.6330510828642126       -1.2345190055033197     
   2.1000001430511475       -2.9195705611943432       -2.0183848890243561       -1.6330510828642126       -1.2345190055033197     
   2.1000001430511475       -2.9195705611943432       -2.0183848890243561       -1.6330510828642126       -1.2345190055033197     
   2.1000001430511475       -2.9195705611943432       -2.0183848890243561       -1.6330510828642126       -1.2345190055033197     
   2.2500000000000000       -3.1115409381710322       -2.1135745529795988       -1.7315642045073856       -1.3312997185247684     
   2.2500000000000000       -3.1115409381710322       -2.1135745529795988       -1.7315642045073856       -1.3312997185247684     
   2.2500000000000000       -3.1115409381710322       -2.1135745529795988       -1.7315642045073856       -1.3312997185247684     
   2.2500000000000000       -3.1115409381710322       -2.1135745529795988       -1.7315642045073856       -1.3312997185247684     
   2.4000000953674316       -3.3045240869176475       -2.2093104047050676       -1.8302313151965626       -1.4285470155459123     
   2.4000000953674316       -3.3045240869176475       -2.2093104047050676       -1.8302313151965626       -1.4285470155459123     
   2.4000000953674316       -3.3045240869176475       -2.2093104047050676       -1.8302313151965626       -1.4285470155459123     
   2.4000000953674316       -3.3045240869176475       -2.2093104047050676       -1.8302313151965626       -1.4285470155459123     
   2.5500001907348633       -3.4983394426701593       -2.3055052527733979       -1.9290297109771990       -1.5261675232300942     
   2.5500001907348633       -3.4983394426701593       -2.3055052527733979       -1.9290297109771990       -1.5261675232300942     
   2.5500001907348633       -3.4983394426701593       -2.3055052527733979       -1.9290297109771990       -1.5261675232300942     
   2.5500001907348633       -3.4983394426701593       -2.3055052527733979       -1.9290297109771990       -1.5261675232300942     
   2.7000000476837158       -3.6928468071058291       -2.4020892791030479       -2.0279408621779145       -1.6240908613361187     
   2.7000000476837158       -3.6928468071058291       -2.4020892791030479       -2.0279408621779145       -1.6240908613361187     
   2.7000000476837158       -3.6928468071058291       -2.4020892791030479       -2.0279408621779145       -1.6240908613361187     
   2.7000000476837158       -3.6928468071058291       -2.4020892791030479       -2.0279408621779145       -1.6240908613361187     
   2.8500001430511475       -3.8879365971548210       -2.4990064181534497       -2.1269499677008228       -1.7222635123347061     
   2.8500001430511475       -3.8879365971548210       -2.4990064181534497       -2.1269499677008228       -1.7222635123347061     
   2.8500001430511475       -3.8879365971548210       -2.4990064181534497       -2.1269499677008228       -1.7222635123347061     
   2.8500001430511475       -3.8879365971548210       -2.4990064181534497       -2.1269499677008228       -1.7222635123347061     
   3.0000000000000000       -4.0835202075614303       -2.5962102844286119       -2.2260441667246433       -1.8206432564661519     
   3.0000000000000000       -4.0835202075614303       -2.5962102844286119       -2.2260441667246433       -1.8206432564661519     
   3.0000000000000000       -4.0835202075614303       -2.5962102844286119       -2.2260441667246433       -1.8206432564661519     
   3.0000000000000000       -4.0835202075614303       -2.5962102844286119       -2.2260441667246433       -1.8206432564661519     
