   0.0000000000000000       -1.0000000000000069       -1.0000000000000018      -0.77777777777778601      -0.77777777777778268     
   0.0000000000000000       -1.0000000000000069       -1.0000000000000018      -0.77777777777778601      -0.77777777777778268     
   0.0000000000000000       -1.0000000000000069       -1.0000000000000018      -0.77777777777778601      -0.77777777777778268     
   0.0000000000000000       -1.0000000000000069       -1.0000000000000018      -0.77777777777778601      -0.77777777777778268     
  0.15000000596046448       -1.0075123858052395       -1.0075123845526257      -0.81664738334991660      -0.81664738209730225     
  0.15000000596046448       -1.0075123858052395       -1.0075123845526257      -0.81664738334991660      -0.81664738209730225     
  0.15000000596046448       -1.0075123858052395       -1.0075123845526257      -0.81664738334991660      -0.81664738209730225     
  0.15000000596046448       -1.0075123858052395       -1.0075123845526257      -0.81664738334991660      -0.81664738209730225     
  0.30000001192092896       -1.0302027475782560       -1.0302015534757891      -0.86966324953003982      -0.86966205542757324     
  0.30000001192092896       -1.0302027475782560       -1.0302015534757891      -0.86966324953003982      -0.86966205542757324     
  0.30000001192092896       -1.0302027475782560       -1.0302015534757891      -0.86966324953003982      -0.86966205542757324     
  0.30000001192092896       -1.0302027475782560       -1.0302015534757891      -0.86966324953003982      -0.86966205542757324     
  0.45000001788139343       -1.0685902798322333       -1.0685299344738421      -0.93638937556813273      -0.93632903020974545     
  0.45000001788139343       -1.0685902798322333       -1.0685299344738421      -0.93638937556813273      -0.93632903020974545     
  0.45000001788139343       -1.0685902798322333       -1.0685299344738421      -0.93638937556813273      -0.93632903020974545     
  0.45000001788139343       -1.0685902798322333       -1.0685299344738421      -0.93638937556813273      -0.93632903020974545     
  0.60000002384185791       -1.1239633287701654       -1.1231031750578335       -1.0158941834529762       -1.0150340297406373     
  0.60000002384185791       -1.1239633287701654       -1.1231031750578335       -1.0158941834529762       -1.0150340297406373     
  0.60000002384185791       -1.1239633287701654       -1.1231031750578335       -1.0158941834529762       -1.0150340297406373     
  0.60000002384185791       -1.1239633287701654       -1.1231031750578335       -1.0158941834529762       -1.0150340297406373     
  0.75000000000000000       -1.1994097811838853       -1.1938664166554942       -1.1065553103484647       -1.1010119458200693     
  0.75000000000000000       -1.1994097811838853       -1.1938664166554942       -1.1065553103484647       -1.1010119458200693     
  0.75000000000000000       -1.1994097811838853       -1.1938664166554942       -1.1065553103484647       -1.1010119458200693     
  0.75000000000000000       -1.1994097811838853       -1.1938664166554942       -1.1065553103484647       -1.1010119458200693     
  0.90000003576278687       -1.2981754460857799       -1.2791113414387203       -1.2063021629789423       -1.1872380583318782     
  0.90000003576278687       -1.2981754460857799       -1.2791113414387203       -1.2063021629789423       -1.1872380583318782     
  0.90000003576278687       -1.2981754460857799       -1.2791113414387203       -1.2063021629789423       -1.1872380583318782     
  0.90000003576278687       -1.2981754460857799       -1.2791113414387203       -1.2063021629789423       -1.1872380583318782     
   1.0500000715255737       -1.4172185833377766       -1.3758164914844233       -1.3130840274372497       -1.2716819355838989     
   1.0500000715255737       -1.4172185833377766       -1.3758164914844233       -1.3130840274372497       -1.2716819355838989     
   1.0500000715255737       -1.4172185833377766       -1.3758164914844233       -1.3130840274372497       -1.2716819355838989     
   1.0500000715255737       -1.4172185833377766       -1.3758164914844233       -1.3130840274372497       -1.2716819355838989     
   1.2000000476837158       -1.5497044900545640       -1.4809259168597289       -1.4251814612241187       -1.3617435656697747     
   1.2000000476837158       -1.5497044900545640       -1.4809259168597289       -1.4251814612241187       -1.3617435656697747     
   1.2000000476837158       -1.5497044900545640       -1.4809259168597289       -1.4251814612241187       -1.3617435656697747     
   1.2000000476837158       -1.5497044900545640       -1.4809259168597289       -1.4251814612241187       -1.3617435656697747     
   1.3500000238418579       -1.6906711961595304       -1.5920621496627552       -1.5412787606247276       -1.4792626995412661     
   1.3500000238418579       -1.6906711961595304       -1.5920621496627552       -1.5412787606247276       -1.4792626995412661     
   1.3500000238418579       -1.6906711961595304       -1.5920621496627552       -1.5412787606247276       -1.4792626995412661     
   1.3500000238418579       -1.6906711961595304       -1.5920621496627552       -1.5412787606247276       -1.4792626995412661     
   1.5000000000000000       -1.8372505496399059       -1.7075574854772919       -1.6604090859196239       -1.6000160546788855     
   1.5000000000000000       -1.8372505496399059       -1.7075574854772919       -1.6604090859196239       -1.6000160546788855     
   1.5000000000000000       -1.8372505496399059       -1.7075574854772919       -1.6604090859196239       -1.6000160546788855     
   1.5000000000000000       -1.8372505496399059       -1.7075574854772919       -1.6604090859196239       -1.6000160546788855     
   1.6500000953674316       -1.9877471797419020       -1.8262704655524193       -1.7818699709282251       -1.7230283712095673     
   1.6500000953674316       -1.9877471797419020       -1.8262704655524193       -1.7818699709282251       -1.7230283712095673     
   1.6500000953674316       -1.9877471797419020       -1.8262704655524193       -1.7818699709282251       -1.7230283712095673     
   1.6500000953674316       -1.9877471797419020       -1.8262704655524193       -1.7818699709282251       -1.7230283712095673     
   1.8000000715255737       -2.1410962138980074       -1.9474128062586078       -1.9051486165836156       -1.8477070113586889     
   1.8000000715255737       -2.1410962138980074       -1.9474128062586078       -1.9051486165836156       -1.8477070113586889     
   1.8000000715255737       -2.1410962138980074       -1.9474128062586078       -1.9051486165836156       -1.8477070113586889     
   1.8000000715255737       -2.1410962138980074       -1.9474128062586078       -1.9051486165836156       -1.8477070113586889     
   1.9500000476837158       -2.2965926836128383       -2.0704295428787600       -2.0298668837863758       -1.9736626678233686     
   1.9500000476837158       -2.2965926836128383       -2.0704295428787600       -2.0298668837863758       -1.9736626678233686     
   1.9500000476837158       -2.2965926836128383       -2.0704295428787600       -2.0298668837863758       -1.9736626678233686     
   1.9500000476837158       -2.2965926836128383       -2.0704295428787600       -2.0298668837863758       -1.9736626678233686     
   2.1000001430511475       -2.4537494003822364       -2.1949208960465478       -2.1557418120943779       -2.1006244106377165     
   2.1000001430511475       -2.4537494003822364       -2.1949208960465478       -2.1557418120943779       -2.1006244106377165     
   2.1000001430511475       -2.4537494003822364       -2.1949208960465478       -2.1557418120943779       -2.1006244106377165     
   2.1000001430511475       -2.4537494003822364       -2.1949208960465478       -2.1557418120943779       -2.1006244106377165     
   2.2500000000000000       -2.6122174445401836       -2.3205920818779364       -2.2825580886287562       -2.2283953101662481     
   2.2500000000000000       -2.6122174445401836       -2.3205920818779364       -2.2825580886287562       -2.2283953101662481     
   2.2500000000000000       -2.6122174445401836       -2.3205920818779364       -2.2825580886287562       -2.2283953101662481     
   2.2500000000000000       -2.6122174445401836       -2.3205920818779364       -2.2825580886287562       -2.2283953101662481     
   2.4000000953674316       -2.7717409324376296       -2.4472221984532840       -2.4101503956291501       -2.3568286312952647     
   2.4000000953674316       -2.7717409324376296       -2.4472221984532840       -2.4101503956291501       -2.3568286312952647     
   2.4000000953674316       -2.7717409324376296       -2.4472221984532840       -2.4101503956291501       -2.3568286312952647     
   2.4000000953674316       -2.7717409324376296       -2.4472221984532840       -2.4101503956291501       -2.3568286312952647     
   2.5500001907348633       -2.9321265397398246       -2.5746416818317019       -2.5383890261661364       -2.4858113697027107     
   2.5500001907348633       -2.9321265397398246       -2.5746416818317019       -2.5383890261661364       -2.4858113697027107     
   2.5500001907348633       -2.9321265397398246       -2.5746416818317019       -2.5383890261661364       -2.4858113697027107     
   2.5500001907348633       -2.9321265397398246       -2.5746416818317019       -2.5383890261661364       -2.4858113697027107     
   2.7000000476837158       -3.0932256890976788       -2.7027185772905358       -2.6671712608091038       -2.6152551410672924     
   2.7000000476837158       -3.0932256890976788       -2.7027185772905358       -2.6671712608091038       -2.6152551410672924     
   2.7000000476837158       -3.0932256890976788       -2.7027185772905358       -2.6671712608091038       -2.6152551410672924     
   2.7000000476837158       -3.0932256890976788       -2.7027185772905358       -2.6671712608091038       -2.6152551410672924     
   2.8500001430511475       -3.2549229778870319       -2.8313492942849861       -2.7964153924194046       -2.7450903009524277     
   2.8500001430511475       -3.2549229778870319       -2.8313492942849861       -2.7964153924194046       -2.7450903009524277     
   2.8500001430511475       -3.2549229778870319       -2.8313492942849861       -2.7964153924194046       -2.7450903009524277     
   2.8500001430511475       -3.2549229778870319       -2.8313492942849861       -2.7964153924194046       -2.7450903009524277     
   3.0000000000000000       -3.4171259366232629       -2.9604502516171589       -2.9260545116252477       -2.8752600051278425     
   3.0000000000000000       -3.4171259366232629       -2.9604502516171589       -2.9260545116252477       -2.8752600051278425     
   3.0000000000000000       -3.4171259366232629       -2.9604502516171589       -2.9260545116252477       -2.8752600051278425     
   3.0000000000000000       -3.4171259366232629       -2.9604502516171589       -2.9260545116252477       -2.8752600051278425     
