   0.0000000000000000      -0.50000000000000000     
  0.15000000596046448      -0.52201532715825438     
  0.30000001192092896      -0.58309519561779743     
  0.45000001788139343      -0.67268121431570715     
  0.60000002384185791      -0.78102498590648817     
  0.75000000000000000      -0.90138781886599739     
  0.90000003576278687       -1.0295630453610005     
   1.0500000715255737       -1.1629703995389176     
   1.2000000476837158       -1.3000000440157378     
   1.3500000238418579       -1.4396180272464696     
   1.5000000000000000       -1.5811388300841898     
   1.6500000953674316       -1.7240940562256266     
   1.8000000715255737       -1.8681542381431118     
   1.9500000476837158       -2.0130822601092322     
   2.1000001430511475       -2.1587034536533358     
   2.2500000000000000       -2.3048861143232222     
   2.4000000953674316       -2.4515302277891009     
   2.5500001907348633       -2.5985574792080008     
   2.7000000476837158       -2.7459060904357355     
   2.8500001430511475       -2.8935274001452904     
   3.0000000000000000       -3.0413812651491092     
