   0.0000000000000000       -1.0000000000000002      -0.99999999999999878       -2.6619559823405965E-016  -2.0780940034751340E-016
   0.0000000000000000       -1.0000000000000002      -0.99999999999999878       -2.6619559823405965E-016  -2.0780940034751340E-016
   0.0000000000000000       -1.0000000000000002      -0.99999999999999878       -2.6619559823405965E-016  -2.0780940034751340E-016
   0.0000000000000000       -1.0000000000000002      -0.99999999999999878       -2.6619559823405965E-016  -2.0780940034751340E-016
  0.15000000596046448       -1.0157325594366937       -1.0124333871866196       -7.5000002980232433E-002  -7.1700830730157927E-002
  0.15000000596046448       -1.0157325594366937       -1.0124333871866196       -7.5000002980232433E-002  -7.1700830730157927E-002
  0.15000000596046448       -1.0157325594366937       -1.0124333871866196       -7.5000002980232433E-002  -7.1700830730157927E-002
  0.15000000596046448       -1.0157325594366937       -1.0124333871866196       -7.5000002980232433E-002  -7.1700830730157927E-002
  0.30000001192092896       -1.0685938255887300       -1.0439762889842692      -0.15000000596046428      -0.12538246935600336     
  0.30000001192092896       -1.0685938255887300       -1.0439762889842692      -0.15000000596046428      -0.12538246935600336     
  0.30000001192092896       -1.0685938255887300       -1.0439762889842692      -0.15000000596046428      -0.12538246935600336     
  0.30000001192092896       -1.0685938255887300       -1.0439762889842692      -0.15000000596046428      -0.12538246935600336     
  0.45000001788139343       -1.1620547401537968       -1.0879900523351842      -0.22500000894069691      -0.15093532112208424     
  0.45000001788139343       -1.1620547401537968       -1.0879900523351842      -0.22500000894069691      -0.15093532112208424     
  0.45000001788139343       -1.1620547401537968       -1.0879900523351842      -0.22500000894069691      -0.15093532112208424     
  0.45000001788139343       -1.1620547401537968       -1.0879900523351842      -0.22500000894069691      -0.15093532112208424     
  0.60000002384185791       -1.2914570248459447       -1.1401838297453153      -0.30000001192092912      -0.14872681682029934     
  0.60000002384185791       -1.2914570248459447       -1.1401838297453153      -0.30000001192092912      -0.14872681682029934     
  0.60000002384185791       -1.2914570248459447       -1.1401838297453153      -0.30000001192092912      -0.14872681682029934     
  0.60000002384185791       -1.2914570248459447       -1.1401838297453153      -0.30000001192092912      -0.14872681682029934     
  0.75000000000000000       -1.4478756555322954       -1.1978756555322949      -0.37499999999999978      -0.12499999999999989     
  0.75000000000000000       -1.4478756555322954       -1.1978756555322949      -0.37499999999999978      -0.12499999999999989     
  0.75000000000000000       -1.4478756555322954       -1.1978756555322949      -0.37499999999999978      -0.12499999999999989     
  0.75000000000000000       -1.4478756555322954       -1.1978756555322949      -0.37499999999999978      -0.12499999999999989     
  0.90000003576278687       -1.6229614757386632       -1.2593763131334397      -0.45000001788139332       -8.6414855276169655E-002
  0.90000003576278687       -1.6229614757386632       -1.2593763131334397      -0.45000001788139332       -8.6414855276169655E-002
  0.90000003576278687       -1.6229614757386632       -1.2593763131334397      -0.45000001788139332       -8.6414855276169655E-002
  0.90000003576278687       -1.6229614757386632       -1.2593763131334397      -0.45000001788139332       -8.6414855276169655E-002
   1.0500000715255737       -1.8106712869742070       -1.3235960902669599      -0.52500003576278675       -3.7924839055539783E-002
   1.0500000715255737       -1.8106712869742070       -1.3235960902669599      -0.52500003576278675       -3.7924839055539783E-002
   1.0500000715255737       -1.8106712869742070       -1.3235960902669599      -0.52500003576278675       -3.7924839055539783E-002
   1.0500000715255737       -1.8106712869742070       -1.3235960902669599      -0.52500003576278675       -3.7924839055539783E-002
   1.2000000476837158       -2.0070197057054653       -1.3898115322624796      -0.60000002384185758       -1.7208149601127924E-002
   1.2000000476837158       -2.0070197057054653       -1.3898115322624796      -0.60000002384185758       -1.7208149601127924E-002
   1.2000000476837158       -2.0070197057054653       -1.3898115322624796      -0.60000002384185758       -1.7208149601127924E-002
   1.2000000476837158       -2.0070197057054653       -1.3898115322624796      -0.60000002384185758       -1.7208149601127924E-002
   1.3500000238418579       -2.2094281390583204       -1.4575283531093020      -0.67500001192092907       -7.6899774028089701E-002
   1.3500000238418579       -2.2094281390583204       -1.4575283531093020      -0.67500001192092907       -7.6899774028089701E-002
   1.3500000238418579       -2.2094281390583204       -1.4575283531093020      -0.67500001192092907       -7.6899774028089701E-002
   1.3500000238418579       -2.2094281390583204       -1.4575283531093020      -0.67500001192092907       -7.6899774028089701E-002
   1.5000000000000000       -2.4162073938811348       -1.5263995537153121      -0.75000000000000000      -0.13980784016582243     
   1.5000000000000000       -2.4162073938811348       -1.5263995537153121      -0.75000000000000000      -0.13980784016582243     
   1.5000000000000000       -2.4162073938811348       -1.5263995537153121      -0.75000000000000000      -0.13980784016582243     
   1.5000000000000000       -2.4162073938811348       -1.5263995537153121      -0.75000000000000000      -0.13980784016582243     
   1.6500000953674316       -2.6262243799692788       -1.5961755435231837      -0.82500004768371582      -0.20504878876237848     
   1.6500000953674316       -2.6262243799692788       -1.5961755435231837      -0.82500004768371582      -0.20504878876237848     
   1.6500000953674316       -2.6262243799692788       -1.5961755435231837      -0.82500004768371582      -0.20504878876237848     
   1.6500000953674316       -2.6262243799692788       -1.5961755435231837      -0.82500004768371582      -0.20504878876237848     
   1.8000000715255737       -2.8386978445348716       -1.6666725948868821      -0.90000003576278687      -0.27202521388520307     
   1.8000000715255737       -2.8386978445348716       -1.6666725948868821      -0.90000003576278687      -0.27202521388520307     
   1.8000000715255737       -2.8386978445348716       -1.6666725948868821      -0.90000003576278687      -0.27202521388520307     
   1.8000000715255737       -2.8386978445348716       -1.6666725948868821      -0.90000003576278687      -0.27202521388520307     
   1.9500000476837158       -3.0530755854429090       -1.7377530164718742      -0.97500002384185747      -0.34032254512917753     
   1.9500000476837158       -3.0530755854429090       -1.7377530164718742      -0.97500002384185747      -0.34032254512917753     
   1.9500000476837158       -3.0530755854429090       -1.7377530164718742      -0.97500002384185747      -0.34032254512917753     
   1.9500000476837158       -3.0530755854429090       -1.7377530164718742      -0.97500002384185747      -0.34032254512917753     
   2.1000001430511475       -3.2689575136113711       -1.8093116873822246       -1.0500000715255740      -0.40964575470357306     
   2.1000001430511475       -3.2689575136113711       -1.8093116873822246       -1.0500000715255740      -0.40964575470357306     
   2.1000001430511475       -3.2689575136113711       -1.8093116873822246       -1.0500000715255740      -0.40964575470357306     
   2.1000001430511475       -3.2689575136113711       -1.8093116873822246       -1.0500000715255740      -0.40964575470357306     
   2.2500000000000000       -3.4860466690345024       -1.8812668448810610       -1.1250000000000000      -0.47977982415344195     
   2.2500000000000000       -3.4860466690345024       -1.8812668448810610       -1.1250000000000000      -0.47977982415344195     
   2.2500000000000000       -3.4860466690345024       -1.8812668448810610       -1.1250000000000000      -0.47977982415344195     
   2.2500000000000000       -3.4860466690345024       -1.8812668448810610       -1.1250000000000000      -0.47977982415344195     
   2.4000000953674316       -3.7041198515913170       -1.9535545162368047       -1.2000000476837152      -0.55056528767079593     
   2.4000000953674316       -3.7041198515913170       -1.9535545162368047       -1.2000000476837152      -0.55056528767079593     
   2.4000000953674316       -3.7041198515913170       -1.9535545162368047       -1.2000000476837152      -0.55056528767079593     
   2.4000000953674316       -3.7041198515913170       -1.9535545162368047       -1.2000000476837152      -0.55056528767079593     
   2.5500001907348633       -3.9230046432966628       -2.0261234176436949       -1.2750000953674316      -0.62188113028553638     
   2.5500001907348633       -3.9230046432966628       -2.0261234176436949       -1.2750000953674316      -0.62188113028553638     
   2.5500001907348633       -3.9230046432966628       -2.0261234176436949       -1.2750000953674316      -0.62188113028553638     
   2.5500001907348633       -3.9230046432966628       -2.0261234176436949       -1.2750000953674316      -0.62188113028553638     
   2.7000000476837158       -4.1425663639606709       -2.0989321742935809       -1.3500000238418568      -0.69363416582523130     
   2.7000000476837158       -4.1425663639606709       -2.0989321742935809       -1.3500000238418568      -0.69363416582523130     
   2.7000000476837158       -4.1425663639606709       -2.0989321742935809       -1.3500000238418568      -0.69363416582523130     
   2.7000000476837158       -4.1425663639606709       -2.0989321742935809       -1.3500000238418568      -0.69363416582523130     
   2.8500001430511475       -4.3626993677460053       -2.1719473978891446       -1.4250000715255726      -0.76575189833128743     
   2.8500001430511475       -4.3626993677460053       -2.1719473978891446       -1.4250000715255726      -0.76575189833128743     
   2.8500001430511475       -4.3626993677460053       -2.1719473978891446       -1.4250000715255726      -0.76575189833128743     
   2.8500001430511475       -4.3626993677460053       -2.1719473978891446       -1.4250000715255726      -0.76575189833128743     
   3.0000000000000000       -4.5833177014135469       -2.2451411973168982       -1.4999999999999991      -0.83817650409664879     
   3.0000000000000000       -4.5833177014135469       -2.2451411973168982       -1.4999999999999991      -0.83817650409664879     
   3.0000000000000000       -4.5833177014135469       -2.2451411973168982       -1.4999999999999991      -0.83817650409664879     
   3.0000000000000000       -4.5833177014135469       -2.2451411973168982       -1.4999999999999991      -0.83817650409664879     
