   0.0000000000000000      -0.99999999999999978      -0.99999999999999933      -0.50000000000000100      -0.50000000000000044     
   0.0000000000000000      -0.99999999999999978      -0.99999999999999933      -0.50000000000000100      -0.50000000000000044     
   0.0000000000000000      -0.99999999999999978      -0.99999999999999933      -0.50000000000000100      -0.50000000000000044     
   0.0000000000000000      -0.99999999999999978      -0.99999999999999933      -0.50000000000000100      -0.50000000000000044     
  0.15000000596046448       -1.0098802270671441       -1.0098431126056708      -0.56731287355301774      -0.56727575909154626     
  0.15000000596046448       -1.0098802270671441       -1.0098431126056708      -0.56731287355301774      -0.56727575909154626     
  0.15000000596046448       -1.0098802270671441       -1.0098431126056708      -0.56731287355301774      -0.56727575909154626     
  0.15000000596046448       -1.0098802270671441       -1.0098431126056708      -0.56731287355301774      -0.56727575909154626     
  0.30000001192092896       -1.0402185518449256       -1.0391128725136789      -0.64585157001890603      -0.64474589068766186     
  0.30000001192092896       -1.0402185518449256       -1.0391128725136789      -0.64585157001890603      -0.64474589068766186     
  0.30000001192092896       -1.0402185518449256       -1.0391128725136789      -0.64585157001890603      -0.64474589068766186     
  0.30000001192092896       -1.0402185518449256       -1.0391128725136789      -0.64585157001890603      -0.64474589068766186     
  0.45000001788139343       -1.0937140642370988       -1.0863464881905696      -0.73271566645763742      -0.72534809041110737     
  0.45000001788139343       -1.0937140642370988       -1.0863464881905696      -0.73271566645763742      -0.72534809041110737     
  0.45000001788139343       -1.0937140642370988       -1.0863464881905696      -0.73271566645763742      -0.72534809041110737     
  0.45000001788139343       -1.0937140642370988       -1.0863464881905696      -0.73271566645763742      -0.72534809041110737     
  0.60000002384185791       -1.1740136290449292       -1.1486818565662631      -0.82557985731464234      -0.80024808483597887     
  0.60000002384185791       -1.1740136290449292       -1.1486818565662631      -0.82557985731464234      -0.80024808483597887     
  0.60000002384185791       -1.1740136290449292       -1.1486818565662631      -0.82557985731464234      -0.80024808483597887     
  0.60000002384185791       -1.1740136290449292       -1.1486818565662631      -0.82557985731464234      -0.80024808483597887     
  0.75000000000000000       -1.2814298497488565       -1.2227459957008389      -0.92275479033747076      -0.86407093628945375     
  0.75000000000000000       -1.2814298497488565       -1.2227459957008389      -0.92275479033747076      -0.86407093628945375     
  0.75000000000000000       -1.2814298497488565       -1.2227459957008389      -0.92275479033747076      -0.86407093628945375     
  0.75000000000000000       -1.2814298497488565       -1.2227459957008389      -0.92275479033747076      -0.86407093628945375     
  0.90000003576278687       -1.4111086021136541       -1.3055181805976563       -1.0230599567317982      -0.91746953521579944     
  0.90000003576278687       -1.4111086021136541       -1.3055181805976563       -1.0230599567317982      -0.91746953521579944     
  0.90000003576278687       -1.4111086021136541       -1.3055181805976563       -1.0230599567317982      -0.91746953521579944     
  0.90000003576278687       -1.4111086021136541       -1.3055181805976563       -1.0230599567317982      -0.91746953521579944     
   1.0500000715255737       -1.5565358883951093       -1.3946583303012345       -1.1256765377907860      -0.96379897969691164     
   1.0500000715255737       -1.5565358883951093       -1.3946583303012345       -1.1256765377907860      -0.96379897969691164     
   1.0500000715255737       -1.5565358883951093       -1.3946583303012345       -1.1256765377907860      -0.96379897969691164     
   1.0500000715255737       -1.5565358883951093       -1.3946583303012345       -1.1256765377907860      -0.96379897969691164     
   1.2000000476837158       -1.7125469934161113       -1.4884718689936813       -1.2300321535903320       -1.0059570291679063     
   1.2000000476837158       -1.7125469934161113       -1.4884718689936813       -1.2300321535903320       -1.0059570291679063     
   1.2000000476837158       -1.7125469934161113       -1.4884718689936813       -1.2300321535903320       -1.0059570291679063     
   1.2000000476837158       -1.7125469934161113       -1.4884718689936813       -1.2300321535903320       -1.0059570291679063     
   1.3500000238418579       -1.8757308040057739       -1.5857602549464491       -1.3357207819245431       -1.0822101676895324     
   1.3500000238418579       -1.8757308040057739       -1.5857602549464491       -1.3357207819245431       -1.0822101676895324     
   1.3500000238418579       -1.8757308040057739       -1.5857602549464491       -1.3357207819245431       -1.0822101676895324     
   1.3500000238418579       -1.8757308040057739       -1.5857602549464491       -1.3357207819245431       -1.0822101676895324     
   1.5000000000000000       -2.0439217195459136       -1.6856761668525257       -1.4424492357411067       -1.1864274557948180     
   1.5000000000000000       -2.0439217195459136       -1.6856761668525257       -1.4424492357411067       -1.1864274557948180     
   1.5000000000000000       -2.0439217195459136       -1.6856761668525257       -1.4424492357411067       -1.1864274557948180     
   1.5000000000000000       -2.0439217195459136       -1.6856761668525257       -1.4424492357411067       -1.1864274557948180     
   1.6500000953674316       -2.2157247741407429       -1.7876143190161953       -1.5500020678527147       -1.2924409731362831     
   1.6500000953674316       -2.2157247741407429       -1.7876143190161953       -1.5500020678527147       -1.2924409731362831     
   1.6500000953674316       -2.2157247741407429       -1.7876143190161953       -1.5500020678527147       -1.2924409731362831     
   1.6500000953674316       -2.2157247741407429       -1.7876143190161953       -1.5500020678527147       -1.2924409731362831     
   1.8000000715255737       -2.3902129164628398       -1.8911353580373946       -1.6582178762603559       -1.3997248722240894     
   1.8000000715255737       -2.3902129164628398       -1.8911353580373946       -1.6582178762603559       -1.3997248722240894     
   1.8000000715255737       -2.3902129164628398       -1.8911353580373946       -1.6582178762603559       -1.3997248722240894     
   1.8000000715255737       -2.3902129164628398       -1.8911353580373946       -1.6582178762603559       -1.3997248722240894     
   1.9500000476837158       -2.5667501011734553       -1.9959153047992095       -1.7669741448229823       -1.5079377857347136     
   1.9500000476837158       -2.5667501011734553       -1.9959153047992095       -1.7669741448229823       -1.5079377857347136     
   1.9500000476837158       -2.5667501011734553       -1.9959153047992095       -1.7669741448229823       -1.5079377857347136     
   1.9500000476837158       -2.5667501011734553       -1.9959153047992095       -1.7669741448229823       -1.5079377857347136     
   2.1000001430511475       -2.7448863104169439       -2.1017110708360991       -1.8761763089913812       -1.6168498812398941     
   2.1000001430511475       -2.7448863104169439       -2.1017110708360991       -1.8761763089913812       -1.6168498812398941     
   2.1000001430511475       -2.7448863104169439       -2.1017110708360991       -1.8761763089913812       -1.6168498812398941     
   2.1000001430511475       -2.7448863104169439       -2.1017110708360991       -1.8761763089913812       -1.6168498812398941     
   2.2500000000000000       -2.9242939127468541       -2.2083369699372319       -1.9857500090515978       -1.7263009484902410     
   2.2500000000000000       -2.9242939127468541       -2.2083369699372319       -1.9857500090515978       -1.7263009484902410     
   2.2500000000000000       -2.9242939127468541       -2.2083369699372319       -1.9857500090515978       -1.7263009484902410     
   2.2500000000000000       -2.9242939127468541       -2.2083369699372319       -1.9857500090515978       -1.7263009484902410     
   2.4000000953674316       -3.1047300000586144       -2.3156498021743475       -2.0956368391646358       -1.8361768081626557     
   2.4000000953674316       -3.1047300000586144       -2.3156498021743475       -2.0956368391646358       -1.8361768081626557     
   2.4000000953674316       -3.1047300000586144       -2.3156498021743475       -2.0956368391646358       -1.8361768081626557     
   2.4000000953674316       -3.1047300000586144       -2.3156498021743475       -2.0956368391646358       -1.8361768081626557     
   2.5500001907348633       -3.2860093682104612       -2.4235367423775793       -2.2057894912286482       -1.9463931853307892     
   2.5500001907348633       -3.2860093682104612       -2.4235367423775793       -2.2057894912286482       -1.9463931853307892     
   2.5500001907348633       -3.2860093682104612       -2.4235367423775793       -2.2057894912286482       -1.9463931853307892     
   2.5500001907348633       -3.2860093682104612       -2.4235367423775793       -2.2057894912286482       -1.9463931853307892     
   2.7000000476837158       -3.4679887459541066       -2.5319080720444793       -2.3161695710953665       -2.0568867649995450     
   2.7000000476837158       -3.4679887459541066       -2.5319080720444793       -2.3161695710953665       -2.0568867649995450     
   2.7000000476837158       -3.4679887459541066       -2.5319080720444793       -2.3161695710953665       -2.0568867649995450     
   2.7000000476837158       -3.4679887459541066       -2.5319080720444793       -2.3161695710953665       -2.0568867649995450     
   2.8500001430511475       -3.6505564022425157       -2.6406921289792651       -2.4267461354171358       -2.1676095680172516     
   2.8500001430511475       -3.6505564022425157       -2.6406921289792651       -2.4267461354171358       -2.1676095680172516     
   2.8500001430511475       -3.6505564022425157       -2.6406921289792651       -2.4267461354171358       -2.1676095680172516     
   2.8500001430511475       -3.6505564022425157       -2.6406921289792651       -2.4267461354171358       -2.1676095680172516     
   3.0000000000000000       -3.8336223004485563       -2.7498300467784365       -2.5374929768295456       -2.2785236097396973     
   3.0000000000000000       -3.8336223004485563       -2.7498300467784365       -2.5374929768295456       -2.2785236097396973     
   3.0000000000000000       -3.8336223004485563       -2.7498300467784365       -2.5374929768295456       -2.2785236097396973     
   3.0000000000000000       -3.8336223004485563       -2.7498300467784365       -2.5374929768295456       -2.2785236097396973     
