   0.0000000000000000       -1.0000000000000007      -0.99999999999999689      -0.75000000000000611      -0.75000000000000466     
   0.0000000000000000       -1.0000000000000007      -0.99999999999999689      -0.75000000000000611      -0.75000000000000466     
   0.0000000000000000       -1.0000000000000007      -0.99999999999999689      -0.75000000000000611      -0.75000000000000466     
   0.0000000000000000       -1.0000000000000007      -0.99999999999999689      -0.75000000000000611      -0.75000000000000466     
  0.15000000596046448       -1.0077473185867709       -1.0077473091921723      -0.79250168167386148      -0.79250167227926138     
  0.15000000596046448       -1.0077473185867709       -1.0077473091921723      -0.79250168167386148      -0.79250167227926138     
  0.15000000596046448       -1.0077473185867709       -1.0077473091921723      -0.79250168167386148      -0.79250167227926138     
  0.15000000596046448       -1.0077473185867709       -1.0077473091921723      -0.79250168167386148      -0.79250167227926138     
  0.30000001192092896       -1.0311509686038887       -1.0311464907198102      -0.84921140828406028      -0.84920693039997974     
  0.30000001192092896       -1.0311509686038887       -1.0311464907198102      -0.84921140828406028      -0.84920693039997974     
  0.30000001192092896       -1.0311509686038887       -1.0311464907198102      -0.84921140828406028      -0.84920693039997974     
  0.30000001192092896       -1.0311509686038887       -1.0311464907198102      -0.84921140828406028      -0.84920693039997974     
  0.45000001788139343       -1.0707928317844686       -1.0706419679279460      -0.91939614133344572      -0.91924527747692408     
  0.45000001788139343       -1.0707928317844686       -1.0706419679279460      -0.91939614133344572      -0.91924527747692408     
  0.45000001788139343       -1.0707928317844686       -1.0706419679279460      -0.91939614133344572      -0.91924527747692408     
  0.45000001788139343       -1.0707928317844686       -1.0706419679279460      -0.91939614133344572      -0.91924527747692408     
  0.60000002384185791       -1.1282425411467316       -1.1266292237127129       -1.0017442359388349       -1.0001309185048195     
  0.60000002384185791       -1.1282425411467316       -1.1266292237127129       -1.0017442359388349       -1.0001309185048195     
  0.60000002384185791       -1.1282425411467316       -1.1266292237127129       -1.0017442359388349       -1.0001309185048195     
  0.60000002384185791       -1.1282425411467316       -1.1266292237127129       -1.0017442359388349       -1.0001309185048195     
  0.75000000000000000       -1.2069082772706221       -1.1985309868421936       -1.0943671410024804       -1.0859898505740502     
  0.75000000000000000       -1.2069082772706221       -1.1985309868421936       -1.0943671410024804       -1.0859898505740502     
  0.75000000000000000       -1.2069082772706221       -1.1985309868421936       -1.0943671410024804       -1.0859898505740502     
  0.75000000000000000       -1.2069082772706221       -1.1985309868421936       -1.0943671410024804       -1.0859898505740502     
  0.90000003576278687       -1.3091801968018353       -1.2841801916256401       -1.1951674873565461       -1.1701674821803507     
  0.90000003576278687       -1.3091801968018353       -1.2841801916256401       -1.1951674873565461       -1.1701674821803507     
  0.90000003576278687       -1.3091801968018353       -1.2841801916256401       -1.1951674873565461       -1.1701674821803507     
  0.90000003576278687       -1.3091801968018353       -1.2841801916256401       -1.1951674873565461       -1.1701674821803507     
   1.0500000715255737       -1.4310751132808244       -1.3805174572763814       -1.3022358967804852       -1.2516782407760507     
   1.0500000715255737       -1.4310751132808244       -1.3805174572763814       -1.3022358967804852       -1.2516782407760507     
   1.0500000715255737       -1.4310751132808244       -1.3805174572763814       -1.3022358967804852       -1.2516782407760507     
   1.0500000715255737       -1.4310751132808244       -1.3805174572763814       -1.3022358967804852       -1.2516782407760507     
   1.2000000476837158       -1.5659702868188743       -1.4846902274994460       -1.4140372785796049       -1.3352331907569155     
   1.2000000476837158       -1.5659702868188743       -1.4846902274994460       -1.4140372785796049       -1.3352331907569155     
   1.2000000476837158       -1.5659702868188743       -1.4846902274994460       -1.4140372785796049       -1.3352331907569155     
   1.2000000476837158       -1.5659702868188743       -1.4846902274994460       -1.4140372785796049       -1.3352331907569155     
   1.3500000238418579       -1.7091722080474354       -1.5945235891081557       -1.5294153526094498       -1.4517205125357939     
   1.3500000238418579       -1.7091722080474354       -1.5945235891081557       -1.5294153526094498       -1.4517205125357939     
   1.3500000238418579       -1.7091722080474354       -1.5945235891081557       -1.5294153526094498       -1.4517205125357939     
   1.3500000238418579       -1.7091722080474354       -1.5945235891081557       -1.5294153526094498       -1.4517205125357939     
   1.5000000000000000       -1.8579161734751577       -1.7084860993848188       -1.6475221406350462       -1.5712906924727750     
   1.5000000000000000       -1.8579161734751577       -1.7084860993848188       -1.6475221406350462       -1.5712906924727750     
   1.5000000000000000       -1.8579161734751577       -1.7084860993848188       -1.6475221406350462       -1.5712906924727750     
   1.5000000000000000       -1.8579161734751577       -1.7084860993848188       -1.6475221406350462       -1.5712906924727750     
   1.6500000953674316       -2.0105444356942486       -1.8255189062887625       -1.7677389869674860       -1.6929959530688541     
   1.6500000953674316       -2.0105444356942486       -1.8255189062887625       -1.7677389869674860       -1.6929959530688541     
   1.6500000953674316       -2.0105444356942486       -1.8255189062887625       -1.7677389869674860       -1.6929959530688541     
   1.6500000953674316       -2.0105444356942486       -1.8255189062887625       -1.7677389869674860       -1.6929959530688541     
   1.8000000715255737       -2.1660076971235509       -1.9448833362542930       -1.8896113422933665       -1.8162630666251447     
   1.8000000715255737       -2.1660076971235509       -1.9448833362542930       -1.8896113422933665       -1.8162630666251447     
   1.8000000715255737       -2.1660076971235509       -1.9448833362542930       -1.8896113422933665       -1.8162630666251447     
   1.8000000715255737       -2.1660076971235509       -1.9448833362542930       -1.8896113422933665       -1.8162630666251447     
   1.9500000476837158       -2.3236083499110540       -2.0660549304080496       -2.0128017389277026       -1.9407191768811818     
   1.9500000476837158       -2.3236083499110540       -2.0660549304080496       -2.0128017389277026       -1.9407191768811818     
   1.9500000476837158       -2.3236083499110540       -2.0660549304080496       -2.0128017389277026       -1.9407191768811818     
   1.9500000476837158       -2.3236083499110540       -2.0660549304080496       -2.0128017389277026       -1.9407191768811818     
   2.1000001430511475       -2.4828630587213154       -2.1886533116978608       -2.1370559965852545       -2.0661074283048824     
   2.1000001430511475       -2.4828630587213154       -2.1886533116978608       -2.1370559965852545       -2.0661074283048824     
   2.1000001430511475       -2.4828630587213154       -2.1886533116978608       -2.1370559965852545       -2.0661074283048824     
   2.1000001430511475       -2.4828630587213154       -2.1886533116978608       -2.1370559965852545       -2.0661074283048824     
   2.2500000000000000       -2.6434250763404319       -2.3123964773988237       -2.2621795181654090       -2.1922427223955250     
   2.2500000000000000       -2.6434250763404319       -2.3123964773988237       -2.2621795181654090       -2.1922427223955250     
   2.2500000000000000       -2.6434250763404319       -2.3123964773988237       -2.2621795181654090       -2.1922427223955250     
   2.2500000000000000       -2.6434250763404319       -2.3123964773988237       -2.2621795181654090       -2.1922427223955250     
   2.4000000953674316       -2.8050398319220835       -2.4370722090498496       -2.3880221510797774       -2.3189881217734984     
   2.4000000953674316       -2.8050398319220835       -2.4370722090498496       -2.3880221510797774       -2.3189881217734984     
   2.4000000953674316       -2.8050398319220835       -2.4370722090498496       -2.3880221510797774       -2.3189881217734984     
   2.4000000953674316       -2.8050398319220835       -2.4370722090498496       -2.3880221510797774       -2.3189881217734984     
   2.5500001907348633       -2.9675148188961327       -2.5625170305594525       -2.5144654970815163       -2.4462386951244848     
   2.5500001907348633       -2.9675148188961327       -2.5625170305594525       -2.5144654970815163       -2.4462386951244848     
   2.5500001907348633       -2.9675148188961327       -2.5625170305594525       -2.5144654970815163       -2.4462386951244848     
   2.5500001907348633       -2.9675148188961327       -2.5625170305594525       -2.5144654970815163       -2.4462386951244848     
   2.7000000476837158       -3.1307019928349042       -2.6886033630243316       -2.6414154050753145       -2.5739126941059638     
   2.7000000476837158       -3.1307019928349042       -2.6886033630243316       -2.6414154050753145       -2.5739126941059638     
   2.7000000476837158       -3.1307019928349042       -2.6886033630243316       -2.6414154050753145       -2.5739126941059638     
   2.7000000476837158       -3.1307019928349042       -2.6886033630243316       -2.6414154050753145       -2.5739126941059638     
   2.8500001430511475       -3.2944863192566807       -2.8152308246608002       -2.7687967510589755       -2.7019459290529899     
   2.8500001430511475       -3.2944863192566807       -2.8152308246608002       -2.7687967510589755       -2.7019459290529899     
   2.8500001430511475       -3.2944863192566807       -2.8152308246608002       -2.7687967510589755       -2.7019459290529899     
   2.8500001430511475       -3.2944863192566807       -2.8152308246608002       -2.7687967510589755       -2.7019459290529899     
   3.0000000000000000       -3.4587755724038374       -2.9423182530407717       -2.8965477720465538       -2.8302860723114645     
   3.0000000000000000       -3.4587755724038374       -2.9423182530407717       -2.8965477720465538       -2.8302860723114645     
   3.0000000000000000       -3.4587755724038374       -2.9423182530407717       -2.8965477720465538       -2.8302860723114645     
   3.0000000000000000       -3.4587755724038374       -2.9423182530407717       -2.8965477720465538       -2.8302860723114645     
