   0.0000000000000000       -1.0000000000000016      -0.99999999999999833      -0.66666666666666752      -0.66666666666666696     
   0.0000000000000000       -1.0000000000000016      -0.99999999999999833      -0.66666666666666752      -0.66666666666666696     
   0.0000000000000000       -1.0000000000000016      -0.99999999999999833      -0.66666666666666752      -0.66666666666666696     
   0.0000000000000000       -1.0000000000000016      -0.99999999999999833      -0.66666666666666752      -0.66666666666666696     
  0.15000000596046448       -1.0084523783785853       -1.0084518216616338      -0.71907514638736092      -0.71907458967040838     
  0.15000000596046448       -1.0084523783785853       -1.0084518216616338      -0.71907514638736092      -0.71907458967040838     
  0.15000000596046448       -1.0084523783785853       -1.0084518216616338      -0.71907514638736092      -0.71907458967040838     
  0.15000000596046448       -1.0084523783785853       -1.0084518216616338      -0.71907514638736092      -0.71907458967040838     
  0.30000001192092896       -1.0340216226049870       -1.0339552835671308      -0.78536095754921220      -0.78529461851135585     
  0.30000001192092896       -1.0340216226049870       -1.0339552835671308      -0.78536095754921220      -0.78529461851135585     
  0.30000001192092896       -1.0340216226049870       -1.0339552835671308      -0.78536095754921220      -0.78529461851135585     
  0.30000001192092896       -1.0340216226049870       -1.0339552835671308      -0.78536095754921220      -0.78529461851135585     
  0.45000001788139343       -1.0776830023144610       -1.0766895894607564      -0.86382247130311984      -0.86282905844941771     
  0.45000001788139343       -1.0776830023144610       -1.0766895894607564      -0.86382247130311984      -0.86282905844941771     
  0.45000001788139343       -1.0776830023144610       -1.0766895894607564      -0.86382247130311984      -0.86282905844941771     
  0.45000001788139343       -1.0776830023144610       -1.0766895894607564      -0.86382247130311984      -0.86282905844941771     
  0.60000002384185791       -1.1420500537566391       -1.1360586360966034      -0.95231978071271828      -0.94632836305268475     
  0.60000002384185791       -1.1420500537566391       -1.1360586360966034      -0.95231978071271828      -0.94632836305268475     
  0.60000002384185791       -1.1420500537566391       -1.1360586360966034      -0.95231978071271828      -0.94632836305268475     
  0.60000002384185791       -1.1420500537566391       -1.1360586360966034      -0.95231978071271828      -0.94632836305268475     
  0.75000000000000000       -1.2305482083610420       -1.2100860915049931       -1.0486742802722291       -1.0282121634161814     
  0.75000000000000000       -1.2305482083610420       -1.2100860915049931       -1.0486742802722291       -1.0282121634161814     
  0.75000000000000000       -1.2305482083610420       -1.2100860915049931       -1.0486742802722291       -1.0282121634161814     
  0.75000000000000000       -1.2305482083610420       -1.2100860915049931       -1.0486742802722291       -1.0282121634161814     
  0.90000003576278687       -1.3426599110108235       -1.2958593785256447       -1.1509987378581308       -1.1041982053729513     
  0.90000003576278687       -1.3426599110108235       -1.2958593785256447       -1.1509987378581308       -1.1041982053729513     
  0.90000003576278687       -1.3426599110108235       -1.2958593785256447       -1.1509987378581308       -1.1041982053729513     
  0.90000003576278687       -1.3426599110108235       -1.2958593785256447       -1.1509987378581308       -1.1041982053729513     
   1.0500000715255737       -1.4727476995281181       -1.3904690555647787       -1.2578123112873441       -1.1755336673240124     
   1.0500000715255737       -1.4727476995281181       -1.3904690555647787       -1.2578123112873441       -1.1755336673240124     
   1.0500000715255737       -1.4727476995281181       -1.3904690555647787       -1.2578123112873441       -1.1755336673240124     
   1.0500000715255737       -1.4727476995281181       -1.3904690555647787       -1.2578123112873441       -1.1755336673240124     
   1.2000000476837158       -1.6147874603642569       -1.4915578057064371       -1.3680108958588499       -1.2447812412010282     
   1.2000000476837158       -1.6147874603642569       -1.4915578057064371       -1.3680108958588499       -1.2447812412010282     
   1.2000000476837158       -1.6147874603642569       -1.4915578057064371       -1.3680108958588499       -1.2447812412010282     
   1.2000000476837158       -1.6147874603642569       -1.4915578057064371       -1.3680108958588499       -1.2447812412010282     
   1.3500000238418579       -1.7646792453754909       -1.5973965599642563       -1.4807878621766122       -1.3497962657757450     
   1.3500000238418579       -1.7646792453754909       -1.5973965599642563       -1.4807878621766122       -1.3497962657757450     
   1.3500000238418579       -1.7646792453754909       -1.5973965599642563       -1.4807878621766122       -1.3497962657757450     
   1.3500000238418579       -1.7646792453754909       -1.5973965599642563       -1.4807878621766122       -1.3497962657757450     
   1.5000000000000000       -1.9199139433815036       -1.7067623158013046       -1.5955552800383266       -1.4650950408260730     
   1.5000000000000000       -1.9199139433815036       -1.7067623158013046       -1.5955552800383266       -1.4650950408260730     
   1.5000000000000000       -1.9199139433815036       -1.7067623158013046       -1.5955552800383266       -1.4650950408260730     
   1.5000000000000000       -1.9199139433815036       -1.7067623158013046       -1.5955552800383266       -1.4650950408260730     
   1.6500000953674316       -2.0789364288508954       -1.8187937511741490       -1.7118817338727939       -1.5822951033093824     
   1.6500000953674316       -2.0789364288508954       -1.8187937511741490       -1.7118817338727939       -1.5822951033093824     
   1.6500000953674316       -2.0789364288508954       -1.8187937511741490       -1.7118817338727939       -1.5822951033093824     
   1.6500000953674316       -2.0789364288508954       -1.8187937511741490       -1.7118817338727939       -1.5822951033093824     
   1.8000000715255737       -2.2407422094579021       -1.9328775147876993       -1.8294466414274850       -1.7008563653809012     
   1.8000000715255737       -2.2407422094579021       -1.9328775147876993       -1.8294466414274850       -1.7008563653809012     
   1.8000000715255737       -2.2407422094579021       -1.9328775147876993       -1.8294466414274850       -1.7008563653809012     
   1.8000000715255737       -2.2407422094579021       -1.9328775147876993       -1.8294466414274850       -1.7008563653809012     
   1.9500000476837158       -2.4046553679279214       -2.0485699749699555       -1.9480089645249559       -1.8204324679051851     
   1.9500000476837158       -2.4046553679279214       -2.0485699749699555       -1.9480089645249559       -1.8204324679051851     
   1.9500000476837158       -2.4046553679279214       -2.0485699749699555       -1.9480089645249559       -1.8204324679051851     
   1.9500000476837158       -2.4046553679279214       -2.0485699749699555       -1.9480089645249559       -1.8204324679051851     
   2.1000001430511475       -2.5702040400754407       -2.1655442458074119       -2.0673847744685330       -1.9407897688771902     
   2.1000001430511475       -2.5702040400754407       -2.1655442458074119       -2.0673847744685330       -1.9407897688771902     
   2.1000001430511475       -2.5702040400754407       -2.1655442458074119       -2.0673847744685330       -1.9407897688771902     
   2.1000001430511475       -2.5702040400754407       -2.1655442458074119       -2.0673847744685330       -1.9407897688771902     
   2.2500000000000000       -2.7370479739998248       -2.2835547355669221       -2.1874314132018076       -2.0617635796010014     
   2.2500000000000000       -2.7370479739998248       -2.2835547355669221       -2.1874314132018076       -2.0617635796010014     
   2.2500000000000000       -2.7370479739998248       -2.2835547355669221       -2.1874314132018076       -2.0617635796010014     
   2.2500000000000000       -2.7370479739998248       -2.2835547355669221       -2.1874314132018076       -2.0617635796010014     
   2.4000000953674316       -2.9049365312341382       -2.4024146419634445       -2.3080376739605524       -2.1832346328831287     
   2.4000000953674316       -2.9049365312341382       -2.4024146419634445       -2.3080376739605524       -2.1832346328831287     
   2.4000000953674316       -2.9049365312341382       -2.4024146419634445       -2.3080376739605524       -2.1832346328831287     
   2.4000000953674316       -2.9049365312341382       -2.4024146419634445       -2.3080376739605524       -2.1832346328831287     
   2.5500001907348633       -3.0736796567107771       -2.5219787153967981       -2.4291148356193810       -2.3051131711271231     
   2.5500001907348633       -3.0736796567107771       -2.5219787153967981       -2.4291148356193810       -2.3051131711271231     
   2.5500001907348633       -3.0736796567107771       -2.5219787153967981       -2.4291148356193810       -2.3051131711271231     
   2.5500001907348633       -3.0736796567107771       -2.5219787153967981       -2.4291148356193810       -2.3051131711271231     
   2.7000000476837158       -3.2431309041931011       -2.6421327297380679       -2.5505916691308896       -2.4273303715847505     
   2.7000000476837158       -3.2431309041931011       -2.6421327297380679       -2.5505916691308896       -2.4273303715847505     
   2.7000000476837158       -3.2431309041931011       -2.6421327297380679       -2.5505916691308896       -2.4273303715847505     
   2.7000000476837158       -3.2431309041931011       -2.6421327297380679       -2.5505916691308896       -2.4273303715847505     
   2.8500001430511475       -3.4131763434306439       -2.7627862559984497       -2.6724109640174496       -2.5498329957450463     
   2.8500001430511475       -3.4131763434306439       -2.7627862559984497       -2.6724109640174496       -2.5498329957450463     
   2.8500001430511475       -3.4131763434306439       -2.7627862559984497       -2.6724109640174496       -2.5498329957450463     
   2.8500001430511475       -3.4131763434306439       -2.7627862559984497       -2.6724109640174496       -2.5498329957450463     
   3.0000000000000000       -3.5837244797756340       -2.8838657382056461       -2.7945251801363180       -2.6725780439875986     
   3.0000000000000000       -3.5837244797756340       -2.8838657382056461       -2.7945251801363180       -2.6725780439875986     
   3.0000000000000000       -3.5837244797756340       -2.8838657382056461       -2.7945251801363180       -2.6725780439875986     
   3.0000000000000000       -3.5837244797756340       -2.8838657382056461       -2.7945251801363180       -2.6725780439875986     
