   0.0000000000000000       -1.0000000000000009       -1.0000000000000000      -0.60000000000000064      -0.60000000000000031     
   0.0000000000000000       -1.0000000000000009       -1.0000000000000000      -0.60000000000000064      -0.60000000000000031     
   0.0000000000000000       -1.0000000000000009       -1.0000000000000000      -0.60000000000000064      -0.60000000000000031     
   0.0000000000000000       -1.0000000000000009       -1.0000000000000000      -0.60000000000000064      -0.60000000000000031     
  0.15000000596046448       -1.0090181557457121       -1.0090137020102810      -0.65917906252335978      -0.65917460878792988     
  0.15000000596046448       -1.0090181557457121       -1.0090137020102810      -0.65917906252335978      -0.65917460878792988     
  0.15000000596046448       -1.0090181557457121       -1.0090137020102810      -0.65917906252335978      -0.65917460878792988     
  0.15000000596046448       -1.0090181557457121       -1.0090137020102810      -0.65917906252335978      -0.65917460878792988     
  0.30000001192092896       -1.0363927593408426       -1.0361274025223732      -0.73144513784333420      -0.73117978102486503     
  0.30000001192092896       -1.0363927593408426       -1.0361274025223732      -0.73144513784333420      -0.73117978102486503     
  0.30000001192092896       -1.0363927593408426       -1.0361274025223732      -0.73144513784333420      -0.73117978102486503     
  0.30000001192092896       -1.0363927593408426       -1.0361274025223732      -0.73144513784333420      -0.73117978102486503     
  0.45000001788139343       -1.0836737783682553       -1.0810240388734673      -0.81443653794781612      -0.81178679845302926     
  0.45000001788139343       -1.0836737783682553       -1.0810240388734673      -0.81443653794781612      -0.81178679845302926     
  0.45000001788139343       -1.0836737783682553       -1.0810240388734673      -0.81443653794781612      -0.81178679845302926     
  0.45000001788139343       -1.0836737783682553       -1.0810240388734673      -0.81443653794781612      -0.81178679845302926     
  0.60000002384185791       -1.1541838451268558       -1.1421475409617534      -0.90574134787853500      -0.89370504371343418     
  0.60000002384185791       -1.1541838451268558       -1.1421475409617534      -0.90574134787853500      -0.89370504371343418     
  0.60000002384185791       -1.1541838451268558       -1.1421475409617534      -0.90574134787853500      -0.89370504371343418     
  0.60000002384185791       -1.1541838451268558       -1.1421475409617534      -0.90574134787853500      -0.89370504371343418     
  0.75000000000000000       -1.2504318892801618       -1.2167474574053527       -1.0032864823214940      -0.96960205044668546     
  0.75000000000000000       -1.2504318892801618       -1.2167474574053527       -1.0032864823214940      -0.96960205044668546     
  0.75000000000000000       -1.2504318892801618       -1.2167474574053527       -1.0032864823214940      -0.96960205044668546     
  0.75000000000000000       -1.2504318892801618       -1.2167474574053527       -1.0032864823214940      -0.96960205044668546     
  0.90000003576278687       -1.3698392930889631       -1.3017378118968153       -1.1054658698231152       -1.0373643886309685     
  0.90000003576278687       -1.3698392930889631       -1.3017378118968153       -1.1054658698231152       -1.0373643886309685     
  0.90000003576278687       -1.3698392930889631       -1.3017378118968153       -1.1054658698231152       -1.0373643886309685     
  0.90000003576278687       -1.3698392930889631       -1.3017378118968153       -1.1054658698231152       -1.0373643886309685     
   1.0500000715255737       -1.5061947764080716       -1.3944300828166665       -1.2110983083331941       -1.0993336147417880     
   1.0500000715255737       -1.5061947764080716       -1.3944300828166665       -1.2110983083331941       -1.0993336147417880     
   1.0500000715255737       -1.5061947764080716       -1.3944300828166665       -1.2110983083331941       -1.0993336147417880     
   1.0500000715255737       -1.5061947764080716       -1.3944300828166665       -1.2110983083331941       -1.0993336147417880     
   1.2000000476837158       -1.6538689179449384       -1.4927718930107194       -1.3193321440257395       -1.1582351190915237     
   1.2000000476837158       -1.6538689179449384       -1.4927718930107194       -1.3193321440257395       -1.1582351190915237     
   1.2000000476837158       -1.6538689179449384       -1.4927718930107194       -1.3193321440257395       -1.1582351190915237     
   1.2000000476837158       -1.6538689179449384       -1.4927718930107194       -1.3193321440257395       -1.1582351190915237     
   1.3500000238418579       -1.8090922566766381       -1.5952854159188774       -1.4295543360648566       -1.2511793140331688     
   1.3500000238418579       -1.8090922566766381       -1.5952854159188774       -1.4295543360648566       -1.2511793140331688     
   1.3500000238418579       -1.8090922566766381       -1.5952854159188774       -1.4295543360648566       -1.2511793140331688     
   1.3500000238418579       -1.8090922566766381       -1.5952854159188774       -1.4295543360648566       -1.2511793140331688     
   1.5000000000000000       -1.9695142942309189       -1.7009248946885318       -1.5413199392995620       -1.3623860067497673     
   1.5000000000000000       -1.9695142942309189       -1.7009248946885318       -1.5413199392995620       -1.3623860067497673     
   1.5000000000000000       -1.9695142942309189       -1.7009248946885318       -1.5413199392995620       -1.3623860067497673     
   1.5000000000000000       -1.9695142942309189       -1.7009248946885318       -1.5413199392995620       -1.3623860067497673     
   1.6500000953674316       -2.1336506972714124       -1.8089480729426632       -1.6543020118079155       -1.4754098341043227     
   1.6500000953674316       -2.1336506972714124       -1.8089480729426632       -1.6543020118079155       -1.4754098341043227     
   1.6500000953674316       -2.1336506972714124       -1.8089480729426632       -1.6543020118079155       -1.4754098341043227     
   1.6500000953674316       -2.1336506972714124       -1.8089480729426632       -1.6543020118079155       -1.4754098341043227     
   1.8000000715255737       -2.3005300502712323       -1.9188211137583295       -1.7682565026171364       -1.5897219011260126     
   1.8000000715255737       -2.3005300502712323       -1.9188211137583295       -1.7682565026171364       -1.5897219011260126     
   1.8000000715255737       -2.3005300502712323       -1.9188211137583295       -1.7682565026171364       -1.5897219011260126     
   1.8000000715255737       -2.3005300502712323       -1.9188211137583295       -1.7682565026171364       -1.5897219011260126     
   1.9500000476837158       -2.4694930675965794       -2.0301541236041172       -1.8829989272588938       -1.7049827245095024     
   1.9500000476837158       -2.4694930675965794       -2.0301541236041172       -1.8829989272588938       -1.7049827245095024     
   1.9500000476837158       -2.4694930675965794       -2.0301541236041172       -1.8829989272588938       -1.7049827245095024     
   1.9500000476837158       -2.4694930675965794       -2.0301541236041172       -1.8829989272588938       -1.7049827245095024     
   2.1000001430511475       -2.6400768587902510       -2.1426572488742672       -1.9983876527722331       -1.8209646059613358     
   2.1000001430511475       -2.6400768587902510       -2.1426572488742672       -1.9983876527722331       -1.8209646059613358     
   2.1000001430511475       -2.6400768587902510       -2.1426572488742672       -1.9983876527722331       -1.8209646059613358     
   2.1000001430511475       -2.6400768587902510       -2.1426572488742672       -1.9983876527722331       -1.8209646059613358     
   2.2500000000000000       -2.8119463062008201       -2.2561109882450068       -2.1143120818653331       -1.9375085511937651     
   2.2500000000000000       -2.8119463062008201       -2.2561109882450068       -2.1143120818653331       -1.9375085511937651     
   2.2500000000000000       -2.8119463062008201       -2.2561109882450068       -2.1143120818653331       -1.9375085511937651     
   2.2500000000000000       -2.8119463062008201       -2.2561109882450068       -2.1143120818653331       -1.9375085511937651     
   2.4000000953674316       -2.9848538968907143       -2.3703472872990528       -2.2306856027527195       -2.0545006970392858     
   2.4000000953674316       -2.9848538968907143       -2.3703472872990528       -2.2306856027527195       -2.0545006970392858     
   2.4000000953674316       -2.9848538968907143       -2.3703472872990528       -2.2306856027527195       -2.0545006970392858     
   2.4000000953674316       -2.9848538968907143       -2.3703472872990528       -2.2306856027527195       -2.0545006970392858     
   2.5500001907348633       -3.1586115298315298       -2.4852346784152477       -2.3474386375502285       -2.1718563424359272     
   2.5500001907348633       -3.1586115298315298       -2.4852346784152477       -2.3474386375502285       -2.1718563424359272     
   2.5500001907348633       -3.1586115298315298       -2.4852346784152477       -2.3474386375502285       -2.1718563424359272     
   2.5500001907348633       -3.1586115298315298       -2.4852346784152477       -2.3474386375502285       -2.1718563424359272     
   2.7000000476837158       -3.3330740346628192       -2.6006692476565108       -2.4645150282734694       -2.2895112830799458     
   2.7000000476837158       -3.3330740346628192       -2.6006692476565108       -2.4645150282734694       -2.2895112830799458     
   2.7000000476837158       -3.3330740346628192       -2.6006692476565108       -2.4645150282734694       -2.2895112830799458     
   2.7000000476837158       -3.3330740346628192       -2.6006692476565108       -2.4645150282734694       -2.2895112830799458     
   2.8500001430511475       -3.5081283634623888       -2.7165683931953453       -2.5818695446527391       -2.4074164154210367     
   2.8500001430511475       -3.5081283634623888       -2.7165683931953453       -2.5818695446527391       -2.4074164154210367     
   2.8500001430511475       -3.5081283634623888       -2.7165683931953453       -2.5818695446527391       -2.4074164154210367     
   2.8500001430511475       -3.5081283634623888       -2.7165683931953453       -2.5818695446527391       -2.4074164154210367     
   3.0000000000000000       -3.6836836060319458       -2.8328646362220127       -2.6994643129478528       -2.5255324524203604     
   3.0000000000000000       -3.6836836060319458       -2.8328646362220127       -2.6994643129478528       -2.5255324524203604     
   3.0000000000000000       -3.6836836060319458       -2.8328646362220127       -2.6994643129478528       -2.5255324524203604     
   3.0000000000000000       -3.6836836060319458       -2.8328646362220127       -2.6994643129478528       -2.5255324524203604     
