   0.0000000000000000       -1.0000000000000040       -1.0000000000000022      -0.71428571428571697      -0.71428571428571630     
   0.0000000000000000       -1.0000000000000040       -1.0000000000000022      -0.71428571428571697      -0.71428571428571630     
   0.0000000000000000       -1.0000000000000040       -1.0000000000000022      -0.71428571428571697      -0.71428571428571630     
   0.0000000000000000       -1.0000000000000040       -1.0000000000000022      -0.71428571428571697      -0.71428571428571630     
  0.15000000596046448       -1.0080494008776659       -1.0080493292997688      -0.76122138189293997      -0.76122131031504392     
  0.15000000596046448       -1.0080494008776659       -1.0080493292997688      -0.76122138189293997      -0.76122131031504392     
  0.15000000596046448       -1.0080494008776659       -1.0080493292997688      -0.76122138189293997      -0.76122131031504392     
  0.15000000596046448       -1.0080494008776659       -1.0080493292997688      -0.76122138189293997      -0.76122131031504392     
  0.30000001192092896       -1.0323742883108289       -1.0323572297050139      -0.82231809475402073      -0.82230103614820460     
  0.30000001192092896       -1.0323742883108289       -1.0323572297050139      -0.82231809475402073      -0.82230103614820460     
  0.30000001192092896       -1.0323742883108289       -1.0323572297050139      -0.82231809475402073      -0.82230103614820460     
  0.30000001192092896       -1.0323742883108289       -1.0323572297050139      -0.82231809475402073      -0.82230103614820460     
  0.45000001788139343       -1.0736822491052933       -1.0732990976557817      -0.89642834796672166      -0.89604519651721160     
  0.45000001788139343       -1.0736822491052933       -1.0732990976557817      -0.89642834796672166      -0.89604519651721160     
  0.45000001788139343       -1.0736822491052933       -1.0732990976557817      -0.89642834796672166      -0.89604519651721160     
  0.45000001788139343       -1.0736822491052933       -1.0732990976557817      -0.89642834796672166      -0.89604519651721160     
  0.60000002384185791       -1.1339744721224936       -1.1308990345029168      -0.98181944733215865      -0.97874400971258635     
  0.60000002384185791       -1.1339744721224936       -1.1308990345029168      -0.98181944733215865      -0.97874400971258635     
  0.60000002384185791       -1.1339744721224936       -1.1308990345029168      -0.98181944733215865      -0.97874400971258635     
  0.60000002384185791       -1.1339744721224936       -1.1308990345029168      -0.98181944733215865      -0.97874400971258635     
  0.75000000000000000       -1.2168473608974257       -1.2039315514018440       -1.0763989653699941       -1.0634831558744140     
  0.75000000000000000       -1.2168473608974257       -1.2039315514018440       -1.0763989653699941       -1.0634831558744140     
  0.75000000000000000       -1.2168473608974257       -1.2039315514018440       -1.0763989653699941       -1.0634831558744140     
  0.75000000000000000       -1.2168473608974257       -1.2039315514018440       -1.0763989653699941       -1.0634831558744140     
  0.90000003576278687       -1.3234511206553978       -1.2898120028357742       -1.1781234842194248       -1.1444843663997997     
  0.90000003576278687       -1.3234511206553978       -1.2898120028357742       -1.1781234842194248       -1.1444843663997997     
  0.90000003576278687       -1.3234511206553978       -1.2898120028357742       -1.1781234842194248       -1.1444843663997997     
  0.90000003576278687       -1.3234511206553978       -1.2898120028357742       -1.1781234842194248       -1.1444843663997997     
   1.0500000715255737       -1.4489159075701825       -1.3855133897618901       -1.2852715124447260       -1.2218689946364332     
   1.0500000715255737       -1.4489159075701825       -1.3855133897618901       -1.2852715124447260       -1.2218689946364332     
   1.0500000715255737       -1.4489159075701825       -1.3855133897618901       -1.2852715124447260       -1.2218689946364332     
   1.0500000715255737       -1.4489159075701825       -1.3855133897618901       -1.2852715124447260       -1.2218689946364332     
   1.2000000476837158       -1.5868878548941272       -1.4884142600944021       -1.3965121018284841       -1.2980385070287512     
   1.2000000476837158       -1.5868878548941272       -1.4884142600944021       -1.3965121018284841       -1.2980385070287512     
   1.2000000476837158       -1.5868878548941272       -1.4884142600944021       -1.3965121018284841       -1.2980385070287512     
   1.2000000476837158       -1.5868878548941272       -1.4884142600944021       -1.3965121018284841       -1.2980385070287512     
   1.3500000238418579       -1.7329600222676045       -1.5965547761954890       -1.5108580916503129       -1.4113391268113846     
   1.3500000238418579       -1.7329600222676045       -1.5965547761954890       -1.5108580916503129       -1.4113391268113846     
   1.3500000238418579       -1.7329600222676045       -1.5965547761954890       -1.5108580916503129       -1.4113391268113846     
   1.3500000238418579       -1.7329600222676045       -1.5965547761954890       -1.5108580916503129       -1.4113391268113846     
   1.5000000000000000       -1.8844864217412685       -1.7085510519568825       -1.6275874886411044       -1.5292059898043635     
   1.5000000000000000       -1.8844864217412685       -1.7085510519568825       -1.6275874886411044       -1.5292059898043635     
   1.5000000000000000       -1.8844864217412685       -1.7085510519568825       -1.6275874886411044       -1.5292059898043635     
   1.5000000000000000       -1.8844864217412685       -1.7085510519568825       -1.6275874886411044       -1.5292059898043635     
   1.6500000953674316       -2.0398552293546550       -1.8234370327062168       -1.7461717891301880       -1.6490858359534177     
   1.6500000953674316       -2.0398552293546550       -1.8234370327062168       -1.7461717891301880       -1.6490858359534177     
   1.6500000953674316       -2.0398552293546550       -1.8234370327062168       -1.7461717891301880       -1.6490858359534177     
   1.6500000953674316       -2.0398552293546550       -1.8234370327062168       -1.7461717891301880       -1.6490858359534177     
   1.8000000715255737       -2.1980367559588130       -1.9405318070561424       -1.8662203539636388       -1.7704232341933361     
   1.8000000715255737       -2.1980367559588130       -1.9405318070561424       -1.8662203539636388       -1.7704232341933361     
   1.8000000715255737       -2.1980367559588130       -1.9405318070561424       -1.8662203539636388       -1.7704232341933361     
   1.8000000715255737       -2.1980367559588130       -1.9405318070561424       -1.8662203539636388       -1.7704232341933361     
   1.9500000476837158       -2.3583427804689441       -2.0593475340046168       -1.9874412584373966       -1.8928600381516023     
   1.9500000476837158       -2.3583427804689441       -2.0593475340046168       -1.9874412584373966       -1.8928600381516023     
   1.9500000476837158       -2.3583427804689441       -2.0593475340046168       -1.9874412584373966       -1.8928600381516023     
   1.9500000476837158       -2.3583427804689441       -2.0593475340046168       -1.9874412584373966       -1.8928600381516023     
   2.1000001430511475       -2.5202949058917556       -2.1795277144323446       -2.1096131752483793       -2.0161522217765557     
   2.1000001430511475       -2.5202949058917556       -2.1795277144323446       -2.1096131752483793       -2.0161522217765557     
   2.1000001430511475       -2.5202949058917556       -2.1795277144323446       -2.1096131752483793       -2.0161522217765557     
   2.1000001430511475       -2.5202949058917556       -2.1795277144323446       -2.1096131752483793       -2.0161522217765557     
   2.2500000000000000       -2.6835491746059046       -2.3008063973767063       -2.2325655712904711       -2.1401257888513339     
   2.2500000000000000       -2.6835491746059046       -2.3008063973767063       -2.2325655712904711       -2.1401257888513339     
   2.2500000000000000       -2.6835491746059046       -2.3008063973767063       -2.2325655712904711       -2.1401257888513339     
   2.2500000000000000       -2.6835491746059046       -2.3008063973767063       -2.2325655712904711       -2.1401257888513339     
   2.4000000953674316       -2.8478527027693539       -2.4229824521329695       -2.3561661854507947       -2.2646532548264013     
   2.4000000953674316       -2.8478527027693539       -2.4229824521329695       -2.3561661854507947       -2.2646532548264013     
   2.4000000953674316       -2.8478527027693539       -2.4229824521329695       -2.3561661854507947       -2.2646532548264013     
   2.4000000953674316       -2.8478527027693539       -2.4229824521329695       -2.3561661854507947       -2.2646532548264013     
   2.5500001907348633       -3.0130140349841019       -2.5459002833549156       -2.4803101469255635       -2.3896376766845329     
   2.5500001907348633       -3.0130140349841019       -2.5459002833549156       -2.4803101469255635       -2.3896376766845329     
   2.5500001907348633       -3.0130140349841019       -2.5459002833549156       -2.4803101469255635       -2.3896376766845329     
   2.5500001907348633       -3.0130140349841019       -2.5459002833549156       -2.4803101469255635       -2.3896376766845329     
   2.7000000476837158       -3.1788858119371737       -2.6694380419934767       -2.6049136797976686       -2.5150040169355279     
   2.7000000476837158       -3.1788858119371737       -2.6694380419934767       -2.6049136797976686       -2.5150040169355279     
   2.7000000476837158       -3.1788858119371737       -2.6694380419934767       -2.6049136797976686       -2.5150040169355279     
   2.7000000476837158       -3.1788858119371737       -2.6694380419934767       -2.6049136797976686       -2.5150040169355279     
   2.8500001430511475       -3.3453534724509253       -2.7934995893253891       -2.7299097174891522       -2.6406937052579633     
   2.8500001430511475       -3.3453534724509253       -2.7934995893253891       -2.7299097174891522       -2.6406937052579633     
   2.8500001430511475       -3.3453534724509253       -2.7934995893253891       -2.7299097174891522       -2.6406937052579633     
   2.8500001430511475       -3.3453534724509253       -2.7934995893253891       -2.7299097174891522       -2.6406937052579633     
   3.0000000000000000       -3.5123251041237138       -2.9180069875762764       -2.8552428571938724       -2.7666591469794422     
   3.0000000000000000       -3.5123251041237138       -2.9180069875762764       -2.8552428571938724       -2.7666591469794422     
   3.0000000000000000       -3.5123251041237138       -2.9180069875762764       -2.8552428571938724       -2.7666591469794422     
   3.0000000000000000       -3.5123251041237138       -2.9180069875762764       -2.8552428571938724       -2.7666591469794422     
