  0.916014731      0.493618280    
   2.74803472       3.21545675E-02
   4.58005524       8.25878512E-03
   6.41207552       3.65902460E-03
   8.24409580       1.99632882E-03
   10.0761156       1.34547090E-03
   11.9081354       8.42286681E-04
   13.7401552       6.23510918E-04
   15.5721760       5.96163969E-04
   17.4041958       4.64898505E-04
   19.2362156       2.73469690E-04
   21.0682354       2.68000324E-04
   22.9002552       1.64081823E-04
   24.7322750       1.64081823E-04
   26.5642948       1.14857277E-04
   28.3963146       2.02367577E-04
   30.2283344       7.11021203E-05
   32.0603523       7.65715158E-05
   33.8923721       7.11021203E-05
   35.7243919       1.14857277E-04
   37.5564117       4.92245454E-05
   39.3884315       7.65715158E-05
   41.2204514       5.46939409E-05
   43.0524712       4.92245454E-05
   44.8844910       5.46939409E-05
   46.7165108       9.29797025E-05
   48.5485306       2.18775767E-05
   50.3805504       3.82857579E-05
   52.2125702       2.73469705E-05
   54.0445900       2.73469705E-05
   55.8766098       3.28163660E-05
   57.7086296       2.73469705E-05
   59.5406494       2.73469705E-05
   61.3726692       1.64081830E-05
   63.2046928       2.18775767E-05
   65.0367203       5.46939418E-06
   66.8687439       2.73469705E-05
   68.7007675       1.64081830E-05
   70.5327911       2.73469705E-05
   72.3648148       1.09387884E-05
   74.1968384       1.09387884E-05
   76.0288620       0.00000000    
   77.8608856       5.46939418E-06
   79.6929092       1.64081830E-05
   81.5249329       0.00000000    
   83.3569565       0.00000000    
   85.1889801       5.46939418E-06
   87.0210037       0.00000000    
   88.8530273       0.00000000    
   90.6850510       0.00000000    
   92.5170746       0.00000000    
   94.3490982       0.00000000    
   96.1811218       0.00000000    
   98.0131454       5.46939418E-06
   99.8451691       5.46939418E-06
   101.677193       0.00000000    
   103.509216       0.00000000    
   105.341240       0.00000000    
   107.173264       0.00000000    
   109.005287       5.46939418E-06
   110.837311       0.00000000    
   112.669334       0.00000000    
   114.501358       0.00000000    
   116.333382       0.00000000    
   118.165405       0.00000000    
   119.997429       0.00000000    
   121.829453       0.00000000    
   123.661476       0.00000000    
   125.493500       0.00000000    
   127.325523       0.00000000    
   129.157532       0.00000000    
   130.989548       0.00000000    
   132.821564       0.00000000    
   134.653580       0.00000000    
   136.485596       0.00000000    
   138.317612       0.00000000    
   140.149628       0.00000000    
   141.981644       0.00000000    
   143.813660       0.00000000    
   145.645676       0.00000000    
   147.477692       0.00000000    
   149.309708       0.00000000    
   151.141724       0.00000000    
   152.973740       0.00000000    
   154.805756       0.00000000    
   156.637772       0.00000000    
   158.469788       0.00000000    
   160.301804       0.00000000    
   162.133820       0.00000000    
   163.965836       0.00000000    
   165.797852       0.00000000    
   167.629868       5.46939418E-06

