   5.89271076E-02  0.943846107    
  0.176781327      0.843367338    
  0.294635534      0.747984767    
  0.412489742      0.657868147    
  0.530343950      0.589664936    
  0.648198187      0.520399988    
  0.766052425      0.462643832    
  0.883906662      0.413466156    
   1.00176096      0.376816481    
   1.11961520      0.320674092    
   1.23746943      0.288738340    
   1.35532367      0.257566988    
   1.47317791      0.230854779    
   1.59103215      0.204354882    
   1.70888638      0.174245238    
   1.82674062      0.159763739    
   1.94459486      0.143668443    
   2.06244898      0.124473020    
   2.18030310      0.116149336    
   2.29815722      0.103706285    
   2.41601133       8.94795805E-02
   2.53386545       7.92448521E-02
   2.65171957       7.00718164E-02
   2.76957369       6.22577444E-02
   2.88742781       5.66519983E-02
   3.00528193       5.10887206E-02
   3.12313604       4.57377844E-02
   3.24099016       4.10238616E-02
   3.35884428       3.31673250E-02
   3.47669840       3.11713405E-02
   3.59455252       2.58628689E-02
   3.71240664       2.34422069E-02
   3.83026075       1.97050422E-02
   3.94811487       2.11914144E-02
   4.06596899       1.81762036E-02
   4.18382311       1.50760571E-02
   4.30167723       1.41417654E-02
   4.41953135       1.21457810E-02
   4.53738546       1.06169414E-02
   4.65523958       9.30044055E-03
   4.77309370       8.79082736E-03
   4.89094782       6.54003583E-03
   5.00880194       7.04964902E-03
   5.12665606       5.77561604E-03
   5.24451017       5.52080944E-03
   5.36236429       4.58651874E-03
   5.48021841       3.65222781E-03
   5.59807253       3.65222781E-03
   5.71592665       3.86456656E-03
   5.83378077       3.01521132E-03
   5.95163488       2.93027586E-03
   6.06948900       2.54806597E-03
   6.18734312       2.12338823E-03
   6.30519724       2.12338823E-03
   6.42305136       1.31650071E-03
   6.54090548       1.14662969E-03
   6.65875959       1.23156514E-03
   6.77661371       1.10416184E-03
   6.89446783       1.40143628E-03
   7.01232195       6.37016492E-04
   7.13017607       4.24677652E-04
   7.24803019       4.67145408E-04
   7.36588430       4.67145408E-04
   7.48373842       5.52080921E-04
   7.60159254       2.97274353E-04
   7.71944666       5.09613194E-04
   7.83730078       3.39742110E-04
   7.95515490       4.24677652E-04
   8.07300854       2.97274353E-04
   8.19086266       4.24677652E-04
   8.30871677       3.82209895E-04
   8.42657089       2.54806597E-04
   8.54442501       1.27403298E-04
   8.66227913       1.27403298E-04
   8.78013325       8.49355274E-05
   8.89798737       2.54806597E-04
   9.01584148       8.49355274E-05
   9.13369560       1.27403298E-04
   9.25154972       0.00000000    
   9.36940384       0.00000000    
   9.48725796       1.27403298E-04
   9.60511208       8.49355274E-05
   9.72296619       0.00000000    
   9.84082031       0.00000000    
   9.95867443       0.00000000    
   10.0765285       8.49355274E-05
   10.1943827       1.27403298E-04
   10.3122368       4.24677637E-05
   10.4300909       0.00000000    
   10.5479450       0.00000000    
   10.6657991       0.00000000    
   10.7836533       0.00000000    
   10.9015074       4.24677637E-05
   11.0193615       0.00000000    
   11.1372156       0.00000000    
   11.2550697       0.00000000    
   11.3729239       0.00000000    
   11.4907780       0.00000000    
   11.6086321       0.00000000    
   11.7264862       0.00000000    
   11.8443403       0.00000000    
   11.9621944       0.00000000    
   12.0800486       0.00000000    
   12.1979027       0.00000000    
   12.3157568       0.00000000    
   12.4336109       0.00000000    
   12.5514650       0.00000000    
   12.6693192       0.00000000    
   12.7871733       0.00000000    
   12.9050274       4.24677637E-05
   13.0228815       0.00000000    
   13.1407356       0.00000000    
   13.2585897       0.00000000    
   13.3764439       0.00000000    
   13.4942980       0.00000000    
   13.6121521       4.24677637E-05

