   4.75771800E-02  0.953879178    
  0.142731547      0.870510101    
  0.237885922      0.797765970    
  0.333040267      0.717342377    
  0.428194612      0.657064140    
  0.523348927      0.591420889    
  0.618503273      0.540820837    
  0.713657618      0.489326596    
  0.808811963      0.449719697    
  0.903966308      0.407798469    
  0.999120653      0.374556035    
   1.09427512      0.331582814    
   1.18942952      0.306756169    
   1.28458393      0.282665938    
   1.37973833      0.245899379    
   1.47489274      0.231487304    
   1.57004714      0.205503494    
   1.66520154      0.189460859    
   1.76035595      0.175522178    
   1.85551035      0.154061869    
   1.95066476      0.141648561    
   2.04581904      0.137388051    
   2.14097333      0.114139386    
   2.23612761      0.106828153    
   2.33128190       9.56246108E-02
   2.42643619       8.59990343E-02
   2.52159047       7.97397792E-02
   2.61674476       7.32175261E-02
   2.71189904       6.69056699E-02
   2.80705333       6.03834167E-02
   2.90220761       5.68067022E-02
   2.99736190       4.61817421E-02
   3.09251618       4.66551334E-02
   3.18767047       4.01854813E-02
   3.28282475       3.58197801E-02
   3.37797904       3.28742489E-02
   3.47313333       2.88767386E-02
   3.56828761       2.82455534E-02
   3.66344190       2.28804760E-02
   3.75859618       2.32486688E-02
   3.85375047       2.07239259E-02
   3.94890475       1.82517823E-02
   4.04405880       1.69894118E-02
   4.13921309       1.56744421E-02
   4.23436737       1.28341066E-02
   4.32952166       1.23081189E-02
   4.42467594       1.15191368E-02
   4.51983023       1.03093637E-02
   4.61498451       9.04699322E-03
   4.71013880       7.78462179E-03
   4.80529308       7.78462179E-03
   4.90044737       7.15343654E-03
   4.99560165       5.73326880E-03
   5.09075594       4.68129292E-03
   5.18591022       4.83908923E-03
   5.28106451       4.57609538E-03
   5.37621880       3.89231090E-03
   5.47137308       3.83971212E-03
   5.56652737       3.41892173E-03
   5.66168165       3.94490967E-03
   5.75683594       2.89293379E-03
   5.85199022       2.10395176E-03
   5.94714451       2.26174830E-03
   6.04229879       2.31434708E-03
   6.13745308       1.57796394E-03
   6.23260736       1.52536505E-03
   6.32776165       1.57796394E-03
   6.42291594       1.31496997E-03
   6.51807022       1.05197588E-03
   6.61322451       1.36756874E-03
   6.70837879       5.25987940E-04
   6.80353308       4.20790369E-04
   6.89868736       7.36383139E-04
   6.99384165       4.73389169E-04
   7.08899593       7.36383139E-04
   7.18415022       8.94179568E-04
   7.27930450       2.62993970E-04
   7.37445879       7.36383139E-04
   7.46961308       3.15592770E-04
   7.56476736       5.25987940E-04
   7.65992165       1.05197592E-04
   7.75507593       1.57796385E-04
   7.85023022       3.15592770E-04
   7.94538450       1.57796385E-04
   8.04053974       1.57796385E-04
   8.13569450       2.10395185E-04
   8.23084927       2.10395185E-04
   8.32600403       4.73389169E-04
   8.42115879       1.57796385E-04
   8.51631355       2.10395185E-04
   8.61146832       5.25987962E-05
   8.70662308       1.57796385E-04
   8.80177784       1.57796385E-04
   8.89693260       5.25987962E-05
   8.99208736       1.05197592E-04
   9.08724213       1.57796385E-04
   9.18239689       2.10395185E-04
   9.27755165       5.25987962E-05
   9.37270641       0.00000000    
   9.46786118       5.25987962E-05
   9.56301594       0.00000000    
   9.65817070       5.25987962E-05
   9.75332546       0.00000000    
   9.84848022       5.25987962E-05
   9.94363499       5.25987962E-05
   10.0387897       0.00000000    
   10.1339445       5.25987962E-05
   10.2290993       5.25987962E-05
   10.3242540       0.00000000    
   10.4194088       0.00000000    
   10.5145636       0.00000000    
   10.6097183       0.00000000    
   10.7048731       0.00000000    
   10.8000278       5.25987962E-05
   10.8951826       0.00000000    
   10.9903374       5.25987962E-05

