   1.02073085      0.449636579    
   3.06219244       2.45020725E-02
   5.10365391       6.46909652E-03
   7.14511585       2.82225385E-03
   9.18657780       1.50683813E-03
   11.2280397       1.07000233E-03
   13.2695017       8.24588933E-04
   15.3109627       5.93900390E-04
   17.3524246       4.41744080E-04
   19.3938866       2.55229912E-04
   21.4353485       2.20872040E-04
   23.4768105       1.86514168E-04
   25.5182724       1.27614956E-04
   27.5597343       1.71789361E-04
   29.6011963       1.37431489E-04
   31.6426563       7.36240108E-05
   33.6841202       6.38074780E-05
   35.7255821       6.87157444E-05
   37.7670441       5.39909415E-05
   39.8085060       9.81653502E-05
   41.8499680       5.88992116E-05
   43.8914299       1.96330693E-05
   45.9328918       6.87157444E-05
   47.9743538       3.92661386E-05
   50.0158157       4.41744087E-05
   52.0572777       4.41744087E-05
   54.0987396       1.47248029E-05
   56.1402016       9.81653466E-06
   58.1816635       0.00000000    
   60.2231255       3.43578722E-05
   62.2645874       9.81653466E-06
   64.3060455       1.96330693E-05
   66.3475037       9.81653466E-06
   68.3889618       9.81653466E-06
   70.4304199       4.90826733E-06
   72.4718781       1.47248029E-05
   74.5133362       0.00000000    
   76.5547943       9.81653466E-06
   78.5962524       2.45413376E-05
   80.6377106       9.81653466E-06
   82.6791687       9.81653466E-06
   84.7206268       0.00000000    
   86.7620850       4.90826733E-06
   88.8035431       0.00000000    
   90.8450012       4.90826733E-06
   92.8864594       0.00000000    
   94.9279175       0.00000000    
   96.9693756       4.90826733E-06
   99.0108337       4.90826733E-06
   101.052292       4.90826733E-06
   103.093750       0.00000000    
   105.135208       0.00000000    
   107.176666       4.90826733E-06
   109.218124       4.90826733E-06
   111.259583       0.00000000    
   113.301041       0.00000000    
   115.342499       0.00000000    
   117.383957       0.00000000    
   119.425415       0.00000000    
   121.466873       0.00000000    
   123.508331       0.00000000    
   125.549789       4.90826733E-06
   127.591255       4.90826733E-06
   129.632706       4.90826733E-06
   131.674164       4.90826733E-06
   133.715622       4.90826733E-06
   135.757080       0.00000000    
   137.798538       0.00000000    
   139.839996       0.00000000    
   141.881454       0.00000000    
   143.922913       0.00000000    
   145.964371       0.00000000    
   148.005829       0.00000000    
   150.047287       0.00000000    
   152.088745       0.00000000    
   154.130203       0.00000000    
   156.171661       0.00000000    
   158.213120       0.00000000    
   160.254578       0.00000000    
   162.296036       0.00000000    
   164.337494       0.00000000    
   166.378952       0.00000000    
   168.420410       0.00000000    
   170.461868       0.00000000    
   172.503326       0.00000000    
   174.544785       0.00000000    
   176.586243       0.00000000    
   178.627701       0.00000000    
   180.669159       0.00000000    
   182.710617       0.00000000    
   184.752075       0.00000000    
   186.793533       4.90826733E-06

