              NaN   0.00000000    
              NaN   0.00000000    
              NaN   0.00000000    
              NaN   0.00000000    
              NaN   0.00000000    
              NaN   0.00000000    
              NaN   0.00000000    
              NaN   0.00000000    
              NaN   0.00000000    
              NaN   0.00000000    
              NaN   0.00000000    
              NaN   0.00000000    
              NaN   0.00000000    
              NaN   0.00000000    
              NaN   0.00000000    
              NaN   0.00000000    
              NaN   0.00000000    
              NaN   0.00000000    
              NaN   0.00000000    
              NaN   0.00000000    
              NaN   0.00000000    
              NaN   0.00000000    
              NaN   0.00000000    
              NaN   0.00000000    
              NaN   0.00000000    
              NaN   0.00000000    
              NaN   0.00000000    
              NaN   0.00000000    
              NaN   0.00000000    
              NaN   0.00000000    
              NaN   0.00000000    
              NaN   0.00000000    
              NaN   0.00000000    
              NaN   0.00000000    
              NaN   0.00000000    
              NaN   0.00000000    
              NaN   0.00000000    
              NaN   0.00000000    
              NaN   0.00000000    
              NaN   0.00000000    
              NaN   0.00000000    
              NaN   0.00000000    
              NaN   0.00000000    
              NaN   0.00000000    
              NaN   0.00000000    
              NaN   0.00000000    
              NaN   0.00000000    
              NaN   0.00000000    
              NaN   0.00000000    
              NaN   0.00000000    
              NaN   0.00000000    
              NaN   0.00000000    
              NaN   0.00000000    
              NaN   0.00000000    
              NaN   0.00000000    
              NaN   0.00000000    
              NaN   0.00000000    
              NaN   0.00000000    
              NaN   0.00000000    
              NaN   0.00000000    
              NaN   0.00000000    
              NaN   0.00000000    
              NaN   0.00000000    
              NaN   0.00000000    
              NaN   0.00000000    
              NaN   0.00000000    
              NaN   0.00000000    
              NaN   0.00000000    
              NaN   0.00000000    
              NaN   0.00000000    
              NaN   0.00000000    
              NaN   0.00000000    
              NaN   0.00000000    
              NaN   0.00000000    
              NaN   0.00000000    
              NaN   0.00000000    
              NaN   0.00000000    
              NaN   0.00000000    
              NaN   0.00000000    
              NaN   0.00000000    
              NaN   0.00000000    
              NaN   0.00000000    
              NaN   0.00000000    
              NaN   0.00000000    
              NaN   0.00000000    
              NaN   0.00000000    
              NaN   0.00000000    
              NaN   0.00000000    
              NaN   0.00000000    
              NaN   0.00000000    
              NaN   0.00000000    
              NaN   0.00000000    

