   1.87166198E-03   155.231598    
   5.61498571E-03   73.2633667    
   9.35830921E-03   16.6361637    
   1.31016336E-02   7.00244617    
   1.68449581E-02   3.83581996    
   2.05882825E-02   2.50010872    
   2.43316069E-02   1.73990452    
   2.80749314E-02   1.19116533    
   3.18182558E-02  0.902073562    
   3.55615802E-02  0.714699209    
   3.93049046E-02  0.583537161    
   4.30482291E-02  0.463082284    
   4.67915535E-02  0.350657672    
   5.05348779E-02  0.291768581    
   5.42782024E-02  0.243586630    
   5.80215268E-02  0.235556290    
   6.17648512E-02  0.182020769    
   6.55081719E-02  0.157929793    
   6.92514926E-02  0.149899468    
   7.29948133E-02  0.147222683    
   7.67381340E-02  0.125808477    
   8.04814547E-02  0.104394265    
   8.42247754E-02   6.15658499E-02
   8.79680961E-02   6.42426237E-02
   9.17114168E-02   9.90407094E-02
   9.54547375E-02   5.35355210E-02
   9.91980582E-02   6.42426237E-02
  0.102941379       4.81819697E-02
  0.106684700       2.94445362E-02
  0.110428020       4.81819697E-02
  0.114171341       4.81819697E-02
  0.117914662       4.01516445E-02
  0.121657982       3.74748670E-02
  0.125401303       3.74748670E-02
  0.129144624       3.47980894E-02
  0.132887945       2.67677605E-02
  0.136631265       3.21213119E-02
  0.140374586       4.01516445E-02
  0.144117907       1.87374335E-02
  0.147861227       1.87374335E-02
  0.151604548       1.87374335E-02
  0.155347869       1.87374335E-02
  0.159091190       3.47980894E-02
  0.162834510       2.67677605E-02
  0.166577831       2.14142092E-02
  0.170321152       5.35355229E-03
  0.174064472       5.35355229E-03
  0.177807793       1.07071046E-02
  0.181551114       5.35355229E-03
  0.185294434       1.07071046E-02
  0.189037755       5.35355229E-03
  0.192781076       1.07071046E-02
  0.196524397       1.33838803E-02
  0.200267717       5.35355229E-03
  0.204011038       5.35355229E-03
  0.207754359       1.87374335E-02
  0.211497679       8.03032797E-03
  0.215241000       2.67677614E-03
  0.218984321       5.35355229E-03
  0.222727641       5.35355229E-03
  0.226470962       0.00000000    
  0.230214283       5.35355229E-03
  0.233957604       0.00000000    
  0.237700924       2.67677614E-03
  0.241444245       2.67677614E-03
  0.245187566       1.60606559E-02
  0.248930886       0.00000000    
  0.252674192       0.00000000    
  0.256417513       2.67677614E-03
  0.260160834       0.00000000    
  0.263904154       5.35355229E-03
  0.267647475       2.67677614E-03
  0.271390796       0.00000000    
  0.275134116       0.00000000    
  0.278877437       0.00000000    
  0.282620758       2.67677614E-03
  0.286364079       0.00000000    
  0.290107399       0.00000000    
  0.293850720       0.00000000    
  0.297594041       0.00000000    
  0.301337361       0.00000000    
  0.305080682       0.00000000    
  0.308824003       0.00000000    
  0.312567323       2.67677614E-03
  0.316310644       2.67677614E-03
  0.320053965       0.00000000    
  0.323797286       0.00000000    
  0.327540606       0.00000000    
  0.331283927       0.00000000    
  0.335027248       0.00000000    
  0.338770568       0.00000000    
  0.342513889       2.67677614E-03

