   6.86600134E-02  0.934580863    
  0.205980033      0.811264038    
  0.343300045      0.715018570    
  0.480620086      0.631323695    
  0.617940128      0.534129620    
  0.755260170      0.476411492    
  0.892580211      0.413512617    
   1.02990019      0.348424703    
   1.16722023      0.313764662    
   1.30454028      0.266335130    
   1.44186032      0.238753021    
   1.57918036      0.202633590    
   1.71650040      0.182713181    
   1.85382044      0.155714825    
   1.99114037      0.134335056    
   2.12846041      0.118719786    
   2.26578045      0.103104524    
   2.40310049       9.13565904E-02
   2.54042053       7.42089897E-02
   2.67774057       6.87363520E-02
   2.81506062       6.09287173E-02
   2.95238066       5.56749851E-02
   3.08970070       4.64079827E-02
   3.22702074       3.37844267E-02
   3.36434078       3.40762995E-02
   3.50166082       3.04278750E-02
   3.63898087       2.83847563E-02
   3.77630091       2.36418024E-02
   3.91362095       2.07230616E-02
   4.05094099       1.71476025E-02
   4.18826103       1.34991771E-02
   4.32558107       1.29883979E-02
   4.46290112       1.32802716E-02
   4.60022116       1.00696562E-02
   4.73754120       7.51575828E-03
   4.87486124       6.85904128E-03
   5.01218128       6.78607263E-03
   5.14950132       4.52404842E-03
   5.28682137       4.81592258E-03
   5.42414141       5.03482809E-03
   5.56146145       3.64842615E-03
   5.69878149       3.21061513E-03
   5.83610153       1.97015028E-03
   5.97342157       2.91874097E-03
   6.11074162       2.33499287E-03
   6.24806166       2.18905578E-03
   6.38538170       2.04311870E-03
   6.52270174       1.02155935E-03
   6.66002178       1.97015028E-03
   6.79734182       9.48590809E-04
   6.93466187       1.16749643E-03
   7.07198191       8.75622325E-04
   7.20930195       8.75622325E-04
   7.34662199       3.64842621E-04
   7.48394203       0.00000000    
   7.62126207       1.16749643E-03
   7.75858212       2.91874108E-04
   7.89590216       3.64842621E-04
   8.03322220       7.29685242E-04
   8.17054176       5.10779675E-04
   8.30786133       3.64842621E-04
   8.44518089       7.29685271E-05
   8.58250046       1.45937054E-04
   8.71982002       1.45937054E-04
   8.85713959       7.29685271E-05
   8.99445915       7.29685271E-05
   9.13177872       1.45937054E-04
   9.26909828       1.45937054E-04
   9.40641785       1.45937054E-04
   9.54373741       7.29685271E-05
   9.68105698       1.45937054E-04
   9.81837654       7.29685271E-05
   9.95569611       7.29685271E-05
   10.0930157       7.29685271E-05
   10.2303352       7.29685271E-05
   10.3676548       0.00000000    
   10.5049744       7.29685271E-05
   10.6422939       0.00000000    
   10.7796135       7.29685271E-05
   10.9169331       0.00000000    
   11.0542526       0.00000000    
   11.1915722       0.00000000    
   11.3288918       0.00000000    
   11.4662113       0.00000000    
   11.6035309       0.00000000    
   11.7408504       0.00000000    
   11.8781700       0.00000000    
   12.0154896       0.00000000    
   12.1528091       0.00000000    
   12.2901287       0.00000000    
   12.4274483       0.00000000    
   12.5647678       7.29685271E-05

