  0.854224384      0.522050202    
   2.56264973       3.93194482E-02
   4.27107525       9.81226750E-03
   5.97950077       4.55716206E-03
   7.68792629       2.38708477E-03
   9.39635181       1.43694284E-03
   11.1047773       1.13195914E-03
   12.8132029       7.74189713E-04
   14.5216284       6.15832687E-04
   16.2300549       4.57475689E-04
   17.9384804       4.34015412E-04
   19.6469059       2.93253659E-04
   21.3553314       1.93547428E-04
   23.0637569       1.64222060E-04
   24.7721825       1.87682352E-04
   26.4806080       1.70087122E-04
   28.1890335       1.34896691E-04
   29.8974590       9.97062380E-05
   31.6058826       9.97062380E-05
   33.3143044       7.03808764E-05
   35.0227280       6.45158070E-05
   36.7311516       6.45158070E-05
   38.4395752       7.03808764E-05
   40.1479988       8.21110298E-05
   41.8564224       4.10555149E-05
   43.5648460       4.10555149E-05
   45.2732697       4.10555149E-05
   46.9816933       7.03808764E-05
   48.6901169       4.10555149E-05
   50.3985405       2.34602940E-05
   52.1069641       4.69205879E-05
   53.8153877       2.93253652E-05
   55.5238113       2.34602940E-05
   57.2322350       1.17301470E-05
   58.9406586       2.34602940E-05
   60.6490822       2.34602940E-05
   62.3575058       0.00000000    
   64.0659332       2.34602940E-05
   65.7743607       1.75952191E-05
   67.4827881       1.17301470E-05
   69.1912155       1.17301470E-05
   70.8996429       1.17301470E-05
   72.6080704       1.17301470E-05
   74.3164978       1.75952191E-05
   76.0249252       5.86507349E-06
   77.7333527       5.86507349E-06
   79.4417801       1.75952191E-05
   81.1502075       1.75952191E-05
   82.8586349       0.00000000    
   84.5670624       0.00000000    
   86.2754898       0.00000000    
   87.9839172       5.86507349E-06
   89.6923447       0.00000000    
   91.4007721       1.17301470E-05
   93.1091995       5.86507349E-06
   94.8176270       5.86507349E-06
   96.5260544       5.86507349E-06
   98.2344818       1.17301470E-05
   99.9429092       0.00000000    
   101.651337       0.00000000    
   103.359764       0.00000000    
   105.068192       5.86507349E-06
   106.776619       5.86507349E-06
   108.485046       5.86507349E-06
   110.193474       5.86507349E-06
   111.901901       0.00000000    
   113.610329       5.86507349E-06
   115.318756       0.00000000    
   117.027184       0.00000000    
   118.735611       0.00000000    
   120.444038       0.00000000    
   122.152466       0.00000000    
   123.860893       5.86507349E-06
   125.569321       0.00000000    
   127.277748       0.00000000    
   128.986160       0.00000000    
   130.694580       0.00000000    
   132.403000       0.00000000    
   134.111420       0.00000000    
   135.819839       0.00000000    
   137.528259       0.00000000    
   139.236679       0.00000000    
   140.945099       0.00000000    
   142.653519       0.00000000    
   144.361938       0.00000000    
   146.070358       0.00000000    
   147.778778       0.00000000    
   149.487198       0.00000000    
   151.195618       0.00000000    
   152.904037       0.00000000    
   154.612457       0.00000000    
   156.320877       1.17301470E-05

