   4.75973822E-02  0.968902767    
  0.142792150      0.868802071    
  0.237986922      0.799542129    
  0.333181679      0.742176354    
  0.428376436      0.663548410    
  0.523571193      0.614287496    
  0.618765950      0.547658980    
  0.713960707      0.502503157    
  0.809155464      0.450400323    
  0.904350221      0.405244499    
  0.999544978      0.372719675    
   1.09473979      0.341563225    
   1.18993461      0.309564680    
   1.28512943      0.281355470    
   1.38032424      0.256830275    
   1.47551906      0.229042083    
   1.57071388      0.213253334    
   1.66590869      0.192727968    
   1.76110351      0.180728525    
   1.85629833      0.149151027    
   1.95149314      0.144309148    
   2.04668784      0.131993920    
   2.14188266      0.113257945    
   2.23707747      0.106626667    
   2.33227229       9.22062770E-02
   2.42746711       8.37856159E-02
   2.52266192       7.88384750E-02
   2.61785674       6.88389316E-02
   2.71305156       6.38917908E-02
   2.80824637       5.64184561E-02
   2.90344119       4.86293398E-02
   2.99863601       4.50505577E-02
   3.09383082       3.95771265E-02
   3.18902564       3.50510180E-02
   3.28422046       3.12617198E-02
   3.37941527       2.84197442E-02
   3.47461009       2.63145771E-02
   3.56980491       2.34726034E-02
   3.66499972       1.94727872E-02
   3.76019454       1.94727872E-02
   3.85538936       1.82096884E-02
   3.95058417       1.39993550E-02
   4.04577875       1.42098721E-02
   4.14097357       1.18941888E-02
   4.23616838       1.15784146E-02
   4.33136320       8.63118190E-03
   4.42655802       8.52592289E-03
   4.52175283       6.73653185E-03
   4.61694765       7.05230702E-03
   4.71214247       7.47334026E-03
   4.80733728       6.21024054E-03
   4.90253210       5.26291551E-03
   4.99772692       5.47343213E-03
   5.09292173       3.99981579E-03
   5.18811655       3.47352424E-03
   5.28331137       3.47352424E-03
   5.37850618       2.42094113E-03
   5.47370100       1.68413296E-03
   5.56889582       2.42094113E-03
   5.66409063       1.15784141E-03
   5.75928545       2.42094113E-03
   5.85448027       1.47361634E-03
   5.94967508       9.47324792E-04
   6.04486990       1.36835803E-03
   6.14006472       8.42066482E-04
   6.23525953       1.26309972E-03
   6.33045435       4.21033241E-04
   6.42564917       1.05258310E-03
   6.52084398       7.36808171E-04
   6.61603880       6.31549861E-04
   6.71123362       2.10516620E-04
   6.80642843       4.21033241E-04
   6.90162325       1.05258310E-04
   6.99681807       2.10516620E-04
   7.09201288       1.05258310E-04
   7.18720770       4.21033241E-04
   7.28240252       0.00000000    
   7.37759733       1.05258310E-04
   7.47279215       2.10516620E-04
   7.56798697       0.00000000    
   7.66318178       3.15774931E-04
   7.75837660       1.05258310E-04
   7.85357141       1.05258310E-04
   7.94876623       0.00000000    
   8.04396152       0.00000000    
   8.13915634       2.10516620E-04
   8.23435116       0.00000000    
   8.32954597       1.05258310E-04
   8.42474079       1.05258310E-04
   8.51993561       0.00000000    
   8.61513042       0.00000000    
   8.71032524       1.05258310E-04

