   4.94144894E-02  0.958620489    
  0.148243472      0.864127159    
  0.247072458      0.791634977    
  0.345901430      0.717419207    
  0.444730401      0.663987875    
  0.543559372      0.593523443    
  0.642388344      0.539990783    
  0.741217315      0.483821988    
  0.840046287      0.441847473    
  0.938875258      0.400177151    
   1.03770423      0.358304054    
   1.13653326      0.339952886    
   1.23536229      0.292807609    
   1.33419132      0.265534312    
   1.43302035      0.247487307    
   1.53184938      0.211900234    
   1.63067842      0.200342044    
   1.72950745      0.182497814    
   1.82833648      0.160800844    
   1.92716551      0.143564954    
   2.02599454      0.134947002    
   2.12482357      0.120043010    
   2.22365260      0.102604330    
   2.32248163       9.81432721E-02
   2.42131066       8.14143047E-02
   2.52013969       7.44185522E-02
   2.61896873       6.69158623E-02
   2.71779776       6.32659122E-02
   2.81662679       5.67770973E-02
   2.91545582       5.14035523E-02
   3.01428485       4.32925373E-02
   3.11311388       3.88314798E-02
   3.21194291       3.31537686E-02
   3.31077194       3.48773599E-02
   3.40960097       2.97065880E-02
   3.50843000       2.76788343E-02
   3.60725904       2.13927999E-02
   3.70608807       2.12914124E-02
   3.80491710       1.80470068E-02
   3.90374613       1.74386799E-02
   4.00257492       1.22679090E-02
   4.10140371       1.27748474E-02
   4.20023251       1.13554196E-02
   4.29906130       1.05443178E-02
   4.39789009       9.12489090E-03
   4.49671888       7.40130013E-03
   4.59554768       8.41517653E-03
   4.69437647       6.48881122E-03
   4.79320526       4.86660842E-03
   4.89203405       4.96799592E-03
   4.99086285       4.66383295E-03
   5.08969164       4.46105748E-03
   5.18852043       3.64995631E-03
   5.28734922       2.94024264E-03
   5.38617802       2.12914124E-03
   5.48500681       2.43330421E-03
   5.58383560       1.01387675E-03
   5.68266439       2.33191648E-03
   5.78149319       1.21665210E-03
   5.88032198       1.72359042E-03
   5.97915077       9.12489078E-04
   6.07797956       1.01387675E-03
   6.17680836       1.41942746E-03
   6.27563715       7.09713728E-04
   6.37446594       4.05550702E-04
   6.47329473       9.12489078E-04
   6.57212353       3.04163026E-04
   6.67095232       3.04163026E-04
   6.76978111       1.01387675E-04
   6.86860991       4.05550702E-04
   6.96743870       4.05550702E-04
   7.06626749       1.01387675E-04
   7.16509628       7.09713728E-04
   7.26392508       5.06938377E-04
   7.36275387       3.04163026E-04
   7.46158266       3.04163026E-04
   7.56041145       1.01387675E-04
   7.65924025       0.00000000    
   7.75806904       1.01387675E-04
   7.85689783       0.00000000    
   7.95572662       2.02775351E-04
   8.05455589       1.01387675E-04
   8.15338516       0.00000000    
   8.25221443       3.04163026E-04
   8.35104370       0.00000000    
   8.44987297       0.00000000    
   8.54870224       0.00000000    
   8.64753151       0.00000000    
   8.74636078       0.00000000    
   8.84519005       0.00000000    
   8.94401932       0.00000000    
   9.04284859       1.01387675E-04

