   6.93178922E-02  0.936335564    
  0.207953677      0.808407068    
  0.346589446      0.715821505    
  0.485225260      0.624464631    
  0.623861015      0.535926521    
  0.762496769      0.470444471    
  0.901132524      0.412334591    
   1.03976822      0.347069353    
   1.17840397      0.304281950    
   1.31703973      0.269444913    
   1.45567548      0.232078239    
   1.59431124      0.204107419    
   1.73294699      0.178955376    
   1.87158275      0.149683595    
   2.01021862      0.132843286    
   2.14885449      0.115569323    
   2.28749037      0.101981439    
   2.42612624       8.64420980E-02
   2.56476212       7.58897960E-02
   2.70339799       6.70721307E-02
   2.84203386       5.52911386E-02
   2.98066974       5.33396862E-02
   3.11930561       4.27151173E-02
   3.25794148       3.85231078E-02
   3.39657736       3.31024081E-02
   3.53521323       2.99945399E-02
   3.67384911       2.36342512E-02
   3.81248498       2.10323166E-02
   3.95112085       2.08877642E-02
   4.08975649       1.56116160E-02
   4.22839212       1.57561675E-02
   4.36702776       1.32265082E-02
   4.50566339       1.01909162E-02
   4.64429903       1.06968479E-02
   4.78293467       6.36028778E-03
   4.92157030       6.07118383E-03
   5.06020594       6.07118383E-03
   5.19884157       4.62566409E-03
   5.33747721       4.91476804E-03
   5.47611284       3.97517998E-03
   5.61474848       2.38510803E-03
   5.75338411       3.32469586E-03
   5.89201975       2.60193599E-03
   6.03065538       2.52966001E-03
   6.16929102       2.24055606E-03
   6.30792665       1.87917601E-03
   6.44656229       1.73462403E-03
   6.58519793       1.73462403E-03
   6.72383356       1.51779596E-03
   6.86246920       7.95035972E-04
   7.00110483       1.15641602E-03
   7.13974047       1.08414004E-03
   7.27837610       2.16828004E-04
   7.41701174       5.78208012E-04
   7.55564737       4.33656009E-04
   7.69428301       6.50483998E-04
   7.83291864       5.05932025E-04
   7.97155476       2.16828004E-04
   8.11019039       1.44552003E-04
   8.24882603       4.33656009E-04
   8.38746166       2.16828004E-04
   8.52609730       7.22760014E-05
   8.66473293       3.61379993E-04
   8.80336857       7.22760014E-05
   8.94200420       1.44552003E-04
   9.08063984       7.22760014E-05
   9.21927547       0.00000000    
   9.35791111       1.44552003E-04
   9.49654675       0.00000000    
   9.63518238       0.00000000    
   9.77381802       1.44552003E-04
   9.91245365       2.16828004E-04
   10.0510893       7.22760014E-05
   10.1897249       1.44552003E-04
   10.3283606       7.22760014E-05
   10.4669962       0.00000000    
   10.6056318       0.00000000    
   10.7442675       0.00000000    
   10.8829031       0.00000000    
   11.0215387       0.00000000    
   11.1601744       0.00000000    
   11.2988100       0.00000000    
   11.4374456       0.00000000    
   11.5760813       0.00000000    
   11.7147169       0.00000000    
   11.8533525       0.00000000    
   11.9919882       0.00000000    
   12.1306238       0.00000000    
   12.2692595       0.00000000    
   12.4078951       0.00000000    
   12.5465307       0.00000000    
   12.6851664       7.22760014E-05

