   2.99924426E-02   2.97651370E-03
   7.03888535E-02   1.88512523E-02
  0.110785261       4.09270637E-02
  0.151181683       7.73893520E-02
  0.191578105      0.121292934    
  0.231974527      0.184791893    
  0.272370964      0.242337823    
  0.312767386      0.322455645    
  0.353163809      0.364870965    
  0.393560231      0.438539684    
  0.433956653      0.549662828    
  0.474353075      0.576699495    
  0.514749467      0.630276740    
  0.555145860      0.733958662    
  0.595542252      0.772405267    
  0.635938644      0.832183599    
  0.676335037      0.858724177    
  0.716731429      0.889977574    
  0.757127821      0.925695717    
  0.797524214      0.944795012    
  0.837920606      0.950996101    
  0.878316998      0.950003922    
  0.918713391      0.959429562    
  0.959109783      0.940082192    
  0.999506235      0.913293600    
   1.03990269      0.885512829    
   1.08029914      0.842849433    
   1.12069559      0.837144434    
   1.16109204      0.765956163    
   1.20148849      0.710890651    
   1.24188495      0.673932314    
   1.28228140      0.617130518    
   1.32267785      0.555367827    
   1.36307430      0.533788085    
   1.40347075      0.488148242    
   1.44386721      0.443996608    
   1.48426366      0.412247151    
   1.52466011      0.356933594    
   1.56505656      0.330393016    
   1.60545301      0.289217919    
   1.64584947      0.250275195    
   1.68624592      0.238369137    
   1.72664237      0.196449906    
   1.76703882      0.163956299    
   1.80743527      0.142128527    
   1.84783173      0.121789016    
   1.88822818      0.110379048    
   1.92862463       8.78071487E-02
   1.96902108       6.92039430E-02
   2.00941753       6.62274286E-02
   2.04981399       5.28331175E-02
   2.09021044       4.78722602E-02
   2.13060689       3.74544635E-02
   2.17100334       3.12533937E-02
   2.21139979       2.77807936E-02
   2.25179625       1.83551665E-02
   2.29219270       1.73629969E-02
   2.33258915       1.51306111E-02
   2.37298560       1.31462682E-02
   2.41338205       9.67366900E-03
   2.45377851       9.92171187E-03
   2.49417496       5.70498453E-03
   2.53457141       3.96868493E-03
   2.57496786       6.94519840E-03
   2.61536431       4.96085593E-03
   2.65576077       3.47259920E-03
   2.69615722       2.48042797E-03
   2.73655367       2.97651370E-03
   2.77695012       2.23238533E-03
   2.81734657       1.24021398E-03
   2.85774302       1.24021398E-03
   2.89813948       4.96085617E-04
   2.93853593       9.92171234E-04
   2.97893238       4.96085617E-04
   3.01932883       4.96085617E-04
   3.05972528       7.44128425E-04
   3.10012174       0.00000000    
   3.14051819       2.48042808E-04
   3.18091464       0.00000000    
   3.22131109       9.92171234E-04
   3.26170754       0.00000000    
   3.30210400       4.96085617E-04
   3.34250045       0.00000000    
   3.38289690       0.00000000    
   3.42329335       2.48042808E-04
   3.46368980       2.48042808E-04
   3.50408626       0.00000000    
   3.54448271       0.00000000    
   3.58487916       0.00000000    
   3.62527561       2.48042808E-04
   3.66567206       0.00000000    
   3.70606852       2.48042808E-04

