   7.64169246E-02   3.14267352E-02
  0.189172611      0.159619421    
  0.301928282      0.352751791    
  0.414683968      0.570741475    
  0.527439713      0.763474405    
  0.640195429      0.894330382    
  0.752951145      0.959003747    
  0.865706861      0.934501529    
  0.978462517      0.851051986    
   1.09121811      0.738483906    
   1.20397377      0.590139091    
   1.31672943      0.465453058    
   1.42948508      0.355459481    
   1.54224074      0.272453815    
   1.65499640      0.198991612    
   1.76775205      0.150075987    
   1.88050771      0.110304296    
   1.99326348       8.65566880E-02
   2.10601926       6.41851127E-02
   2.21877503       5.19340150E-02
   2.33153081       4.01267931E-02
   2.44428658       3.26252133E-02
   2.55704236       2.57894546E-02
   2.66979814       2.15725899E-02
   2.78255391       1.96195170E-02
   2.89530969       1.69118457E-02
   3.00806546       1.52694881E-02
   3.12082124       1.06975194E-02
   3.23357701       9.85414628E-03
   3.34633279       7.54596805E-03
   3.45908856       7.14647537E-03
   3.57184434       6.74698316E-03
   3.68460011       5.10462513E-03
   3.79735589       4.21686424E-03
   3.91011167       4.57196869E-03
   4.02286720       2.97399913E-03
   4.13562298       3.15155135E-03
   4.24837875       3.06277513E-03
   4.36113453       2.92961113E-03
   4.47389030       2.35256646E-03
   4.58664608       2.53011868E-03
   4.69940186       2.17501423E-03
   4.81215763       1.95307401E-03
   4.92491341       1.90868601E-03
   5.03766918       1.24286534E-03
   5.15042496       1.19847723E-03
   5.26318073       1.06531312E-03
   5.37593651       1.33164134E-03
   5.48869228       7.10208726E-04
   5.60144806       9.32148949E-04
   5.71420383       1.10970112E-03
   5.82695961       8.43372894E-04
   5.93971539       5.77044615E-04
   6.05247116       7.10208726E-04
   6.16522694       5.77044615E-04
   6.27798271       2.66328279E-04
   6.39073849       4.88268503E-04
   6.50349426       4.43880475E-04
   6.61625004       3.55104363E-04
   6.72900581       1.33164140E-04
   6.84176159       3.55104363E-04
   6.95451736       1.33164140E-04
   7.06727314       3.10716336E-04
   7.18002892       2.66328279E-04
   7.29278469       1.77552181E-04
   7.40554047       1.33164140E-04
   7.51829624       2.66328279E-04
   7.63105202       5.32656559E-04
   7.74380779       3.10716336E-04
   7.85656357       2.21940238E-04
   7.96931887       2.21940238E-04
   8.08207512       0.00000000    
   8.19483089       2.66328279E-04
   8.30758667       1.77552181E-04
   8.42034245       8.87760907E-05
   8.53309822       4.43880454E-05
   8.64585400       4.43880454E-05
   8.75860977       8.87760907E-05
   8.87136555       8.87760907E-05
   8.98412132       4.43880454E-05
   9.09687710       0.00000000    
   9.20963287       1.77552181E-04
   9.32238865       1.77552181E-04
   9.43514442       4.43880454E-05
   9.54790020       8.87760907E-05
   9.66065598       8.87760907E-05
   9.77341175       2.21940238E-04
   9.88616753       0.00000000    
   9.99892330       0.00000000    
   10.1116791       0.00000000    
   10.2244349       0.00000000    
   10.3371906       4.43880454E-05
   10.4499464       4.43880454E-05
   10.5627022       0.00000000    
   10.6754580       4.43880454E-05
   10.7882137       0.00000000    
   10.9009695       0.00000000    
   11.0137253       0.00000000    
   11.1264811       0.00000000    
   11.2392368       0.00000000    
   11.3519926       4.43880454E-05
   11.4647484       0.00000000    
   11.5775042       8.87760907E-05
   11.6902599       0.00000000    
   11.8030157       0.00000000    
   11.9157715       0.00000000    
   12.0285273       0.00000000    
   12.1412830       0.00000000    
   12.2540388       4.43880454E-05
   12.3667946       0.00000000    
   12.4795504       0.00000000    
   12.5923061       4.43880454E-05
   12.7050619       0.00000000    
   12.8178177       0.00000000    
   12.9305735       0.00000000    
   13.0433292       4.43880454E-05

