   5.74422553E-02   1.52343856E-02
  0.144503623       7.47347251E-02
  0.231564969      0.182525188    
  0.318626314      0.308251977    
  0.405687660      0.465884775    
  0.492749006      0.608110666    
  0.579810321      0.739011407    
  0.666871667      0.846399486    
  0.753933012      0.908371806    
  0.840994358      0.929125071    
  0.928055704      0.908371806    
   1.01511705      0.869969666    
   1.10217845      0.797936916    
   1.18923986      0.712279379    
   1.27630126      0.613112152    
   1.36336267      0.518716455    
   1.45042408      0.423515916    
   1.53748548      0.340905309    
   1.62454689      0.268930018    
   1.71160829      0.217478052    
   1.79866970      0.166945875    
   1.88573110      0.121472672    
   1.97279239       9.53155160E-02
   2.05985379       6.45593032E-02
   2.14691520       5.36365360E-02
   2.23397660       3.86321023E-02
   2.32103801       2.94339824E-02
   2.40809941       2.31677648E-02
   2.49516082       2.12706514E-02
   2.58222222       1.47169912E-02
   2.66928363       1.30498325E-02
   2.75634503       1.04053728E-02
   2.84340644       8.16333108E-03
   2.93046784       8.16333108E-03
   3.01752925       7.24351918E-03
   3.10459065       6.55366015E-03
   3.19165206       5.63384825E-03
   3.27871346       4.65654815E-03
   3.36577487       3.96668911E-03
   3.45283628       4.08166554E-03
   3.53989768       2.98938900E-03
   3.62695909       3.33431852E-03
   3.71402049       2.64445948E-03
   3.80108190       2.87441234E-03
   3.88814330       1.83962390E-03
   3.97520471       1.49469450E-03
   4.06226635       1.95460045E-03
   4.14932775       1.03478844E-03
   4.23638916       1.60967093E-03
   4.32345057       7.47347251E-04
   4.41051197       1.49469450E-03
   4.49757338       1.20725320E-03
   4.58463478       9.19811951E-04
   4.67169619       1.14976498E-03
   4.75875759       9.19811951E-04
   4.84581900       6.89858978E-04
   4.93288040       7.47347251E-04
   5.01994181       6.32370706E-04
   5.10700321       5.17394219E-04
   5.19406462       8.04835465E-04
   5.28112602       5.74882491E-04
   5.36818743       8.04835465E-04
   5.45524883       2.29952988E-04
   5.54231024       2.87441246E-04
   5.62937164       1.14976494E-04
   5.71643305       5.17394219E-04
   5.80349445       2.29952988E-04
   5.89055586       2.29952988E-04
   5.97761726       4.59905976E-04
   6.06467867       2.29952988E-04
   6.15174007       3.44929489E-04
   6.23880148       1.14976494E-04
   6.32586288       1.72464745E-04
   6.41292429       2.87441246E-04
   6.49998569       1.14976494E-04
   6.58704710       5.74882470E-05
   6.67410851       2.29952988E-04
   6.76116991       0.00000000    
   6.84823132       2.87441246E-04
   6.93529272       5.74882470E-05
   7.02235413       1.14976494E-04
   7.10941553       5.74882470E-05
   7.19647694       0.00000000    
   7.28353834       1.14976494E-04
   7.37059975       2.87441246E-04
   7.45766115       0.00000000    
   7.54472256       5.74882470E-05
   7.63178396       5.74882470E-05
   7.71884537       5.74882470E-05
   7.80590677       5.74882470E-05
   7.89296818       1.14976494E-04
   7.98002911       0.00000000    
   8.06709003       0.00000000    
   8.15415096       5.74882470E-05
   8.24121189       0.00000000    
   8.32827282       0.00000000    
   8.41533375       1.14976494E-04
   8.50239468       0.00000000    
   8.58945560       0.00000000    
   8.67651653       0.00000000    
   8.76357746       0.00000000    
   8.85063839       0.00000000    
   8.93769932       0.00000000    
   9.02476025       0.00000000    
   9.11182117       0.00000000    
   9.19888210       0.00000000    
   9.28594303       0.00000000    
   9.37300396       0.00000000    
   9.46006489       0.00000000    
   9.54712582       1.14976494E-04
   9.63418674       0.00000000    
   9.72124767       0.00000000    
   9.80830860       0.00000000    
   9.89536953       0.00000000    
   9.98243046       0.00000000    
   10.0694914       5.74882470E-05

