   6.25500828E-02   2.07443852E-02
  0.171713561      0.128688619    
  0.280877024      0.314929128    
  0.390040487      0.525677383    
  0.499203950      0.724676609    
  0.608367383      0.868969440    
  0.717530847      0.933221936    
  0.826694310      0.953966320    
  0.935857773      0.891733170    
   1.04502130      0.764972150    
   1.15418482      0.664646387    
   1.26334834      0.534856319    
   1.37251186      0.423424095    
   1.48167539      0.311900079    
   1.59083891      0.240487993    
   1.70000243      0.178163052    
   1.80916595      0.128780410    
   1.91832948      0.100142136    
   2.02749300       8.09581727E-02
   2.13665652       6.43443093E-02
   2.24582005       4.58946563E-02
   2.35498357       3.73582505E-02
   2.46414709       3.17591019E-02
   2.57331061       2.40487996E-02
   2.68247414       2.15704888E-02
   2.79163766       2.05608066E-02
   2.90080118       1.46862902E-02
   3.00996470       1.12900855E-02
   3.11912823       1.14736641E-02
   3.22829175       1.13818748E-02
   3.33745527       8.35282728E-03
   3.44661880       6.51704101E-03
   3.55578232       8.26103799E-03
   3.66494584       5.04841236E-03
   3.77410936       5.59914811E-03
   3.88327289       4.68125474E-03
   3.99243641       2.57010083E-03
   4.10159969       4.03872970E-03
   4.21076298       2.29473272E-03
   4.31992626       2.11115414E-03
   4.42908955       2.75367941E-03
   4.53825283       2.57010083E-03
   4.64741611       1.74399687E-03
   4.75657940       1.00968243E-03
   4.86574268       1.65220757E-03
   4.97490597       1.46862899E-03
   5.08406925       1.46862899E-03
   5.19323254       1.00968243E-03
   5.30239582       1.28505041E-03
   5.41155910       1.00968243E-03
   5.52072239       9.17893136E-04
   5.62988567       7.34314497E-04
   5.73904896       1.00968243E-03
   5.84821224       5.50735858E-04
   5.95737553       7.34314497E-04
   6.06653881       2.75367929E-04
   6.17570210       3.67157249E-04
   6.28486538       2.75367929E-04
   6.39402866       1.83578624E-04
   6.50319195       6.42525207E-04
   6.61235523       2.75367929E-04
   6.72151852       2.75367929E-04
   6.83068180       5.50735858E-04
   6.93984509       4.58946568E-04
   7.04900837       4.58946568E-04
   7.15817165       0.00000000    
   7.26733494       2.75367929E-04
   7.37649822       2.75367929E-04
   7.48566151       0.00000000    
   7.59482479       9.17893121E-05
   7.70398808       0.00000000    
   7.81315136       3.67157249E-04
   7.92231464       0.00000000    
   8.03147793       1.83578624E-04
   8.14064121       0.00000000    
   8.24980450       1.83578624E-04
   8.35896778       9.17893121E-05
   8.46813107       1.83578624E-04
   8.57729435       0.00000000    
   8.68645763       0.00000000    
   8.79562092       0.00000000    
   8.90478420       0.00000000    
   9.01394749       9.17893121E-05
   9.12311077       0.00000000    
   9.23227406       1.83578624E-04
   9.34143734       0.00000000    
   9.45060062       0.00000000    
   9.55976391       0.00000000    
   9.66892719       0.00000000    
   9.77809048       0.00000000    
   9.88725376       9.17893121E-05
   9.99641705       9.17893121E-05

