   4.42899913E-02   8.75155162E-03
  0.112986661       4.24450263E-02
  0.181683332      0.109102681    
  0.250379980      0.205223903    
  0.319076627      0.317681342    
  0.387773305      0.418907613    
  0.456469983      0.549597442    
  0.525166690      0.644260108    
  0.593863368      0.758176148    
  0.662560046      0.829501271    
  0.731256723      0.887115657    
  0.799953401      0.924747348    
  0.868650079      0.916287482    
  0.937346756      0.939041555    
   1.00604331      0.897325814    
   1.07473993      0.842920303    
   1.14343655      0.786472797    
   1.21213317      0.700707614    
   1.28082979      0.614942372    
   1.34952641      0.538366318    
   1.41822302      0.495921284    
   1.48691964      0.408114046    
   1.55561626      0.337226480    
   1.62431288      0.277278334    
   1.69300950      0.232207850    
   1.76170611      0.187137350    
   1.83040273      0.146005064    
   1.89909935      0.113478459    
   1.96779597       8.32856074E-02
   2.03649282       6.88455403E-02
   2.10518956       5.60099334E-02
   2.17388630       4.04029973E-02
   2.24258304       2.97552776E-02
   2.31127977       2.39209086E-02
   2.37997651       2.07120068E-02
   2.44867325       1.69196669E-02
   2.51736999       1.37107652E-02
   2.58606672       9.77256615E-03
   2.65476346       8.89741164E-03
   2.72346020       7.43881939E-03
   2.79215693       3.79233924E-03
   2.86085367       4.37577581E-03
   2.92955041       4.37577581E-03
   2.99824715       2.62546563E-03
   3.06694388       3.50062083E-03
   3.13564062       1.60445122E-03
   3.20433736       3.35476152E-03
   3.27303410       2.47960631E-03
   3.34173083       1.89616962E-03
   3.41042757       1.60445122E-03
   3.47912431       2.04202882E-03
   3.54782104       1.16687361E-03
   3.61651778       1.60445122E-03
   3.68521452       1.60445122E-03
   3.75391126       1.31273281E-03
   3.82260799       5.83436806E-04
   3.89130473       1.02101441E-03
   3.96000147       0.00000000    
   4.02869797       7.29296007E-04
   4.09739447       7.29296007E-04
   4.16609097       2.91718403E-04
   4.23478746       1.02101441E-03
   4.30348396       5.83436806E-04
   4.37218046       2.91718403E-04
   4.44087696       7.29296007E-04
   4.50957346       1.16687361E-03
   4.57826996       4.37577604E-04
   4.64696646       1.45859201E-04
   4.71566296       2.91718403E-04
   4.78435946       4.37577604E-04
   4.85305595       0.00000000    
   4.92175245       0.00000000    
   4.99044895       2.91718403E-04
   5.05914545       4.37577604E-04
   5.12784195       0.00000000    
   5.19653845       2.91718403E-04
   5.26523495       2.91718403E-04
   5.33393145       0.00000000    
   5.40262794       1.45859201E-04
   5.47132444       1.45859201E-04
   5.54002094       0.00000000    
   5.60871744       0.00000000    
   5.67741394       0.00000000    
   5.74611044       1.45859201E-04
   5.81480694       0.00000000    
   5.88350344       2.91718403E-04
   5.95219994       0.00000000    
   6.02089643       0.00000000    
   6.08959293       0.00000000    
   6.15828943       1.45859201E-04
   6.22698593       0.00000000    
   6.29568243       1.45859201E-04

