   2.50959713E-02   3.15508689E-03
   5.68543375E-02   1.16738211E-02
   8.86127055E-02   3.15508693E-02
  0.120371073       4.79573198E-02
  0.152129441       9.40215886E-02
  0.183887810      0.118000247    
  0.215646178      0.162486970    
  0.247404546      0.216123447    
  0.279162914      0.267551363    
  0.310921282      0.320556819    
  0.342679650      0.371669233    
  0.374438018      0.443289697    
  0.406196386      0.503551841    
  0.437954754      0.550247133    
  0.469713122      0.630701840    
  0.501471519      0.645215273    
  0.533229887      0.739236832    
  0.564988256      0.771418750    
  0.596746624      0.826632738    
  0.628504992      0.849349380    
  0.660263360      0.902039349    
  0.692021728      0.910558045    
  0.723780096      0.953467250    
  0.755538464      0.971451223    
  0.787296832      0.955044806    
  0.819055200      0.964825571    
  0.850813568      0.990697265    
  0.882571936      0.961986005    
  0.914330304      0.965772092    
  0.946088672      0.946841538    
  0.977847040      0.949050128    
   1.00960541      0.906456470    
   1.04136372      0.893836081    
   1.07312202      0.842408180    
   1.10488033      0.816851974    
   1.13663864      0.781199515    
   1.16839695      0.713365138    
   1.20015526      0.717466772    
   1.23191357      0.656258047    
   1.26367188      0.625022709    
   1.29543018      0.602306068    
   1.32718849      0.539204359    
   1.35894680      0.524059951    
   1.39070511      0.484305829    
   1.42246342      0.423097134    
   1.45422173      0.395963401    
   1.48598003      0.373877794    
   1.51773834      0.336332262    
   1.54949665      0.298471212    
   1.58125496      0.276070088    
   1.61301327      0.272915006    
   1.64477158      0.231583372    
   1.67652988      0.212337345    
   1.70828819      0.180155456    
   1.74004650      0.155861288    
   1.77180481      0.153337225    
   1.80356312      0.137561783    
   1.83532143      0.121155336    
   1.86707973       9.46526080E-02
   1.89883804       9.27595496E-02
   1.93059635       7.60375932E-02
   1.96235466       6.87808916E-02
   1.99411297       5.99466488E-02
   2.02587128       5.07968999E-02
   2.05762959       3.97540927E-02
   2.08938789       3.94385867E-02
   2.12114620       3.50214653E-02
   2.15290451       3.47059555E-02
   2.18466282       1.92460306E-02
   2.21642113       2.52406951E-02
   2.24817944       1.45133995E-02
   2.27993774       1.67219602E-02
   2.31169605       1.26203476E-02
   2.34345436       9.78076924E-03
   2.37521267       6.94119092E-03
   2.40697098       5.36364783E-03
   2.43872929       5.67915617E-03
   2.47048759       5.04813902E-03
   2.50224590       3.78610427E-03
   2.53400421       4.10161307E-03
   2.56576252       3.47059546E-03
   2.59752083       4.10161307E-03
   2.62927914       3.15508689E-03
   2.66103745       1.89305213E-03
   2.69279575       1.26203476E-03
   2.72455406       9.46526066E-04
   2.75631237       1.89305213E-03
   2.78807068       3.15508689E-04
   2.81982899       6.31017378E-04
   2.85158730       6.31017378E-04
   2.88334560       0.00000000    
   2.91510391       9.46526066E-04

