   2.89476644E-02   5.08894864E-03
   6.24203309E-02   1.37700960E-02
   9.58930030E-02   4.19089869E-02
  0.129365683       6.55576289E-02
  0.162838355       9.45945680E-02
  0.196311027      0.154464558    
  0.229783699      0.182004750    
  0.263256371      0.238881230    
  0.296729028      0.290668756    
  0.330201685      0.371193886    
  0.363674343      0.419987917    
  0.397147000      0.466387153    
  0.430619657      0.524161696    
  0.464092314      0.595706344    
  0.497564971      0.675932109    
  0.531037629      0.736101449    
  0.564510286      0.748674095    
  0.597982943      0.854045272    
  0.631455600      0.848956347    
  0.664928257      0.908526957    
  0.698400915      0.902839303    
  0.731873572      0.942054152    
  0.765346229      0.946843743    
  0.798818886      0.986657321    
  0.832291543      0.974084616    
  0.865764201      0.963607371    
  0.899236858      0.963307977    
  0.932709515      0.923793793    
  0.966182172      0.977676809    
  0.999654830      0.920800328    
   1.03312743      0.869910836    
   1.06660008      0.849255681    
   1.10007274      0.824110270    
   1.13354540      0.786691546    
   1.16701806      0.751068890    
   1.20049071      0.713350832    
   1.23396337      0.659767210    
   1.26743603      0.618157566    
   1.30090868      0.585827768    
   1.33438134      0.571458995    
   1.36785400      0.527155161    
   1.40132666      0.464890420    
   1.43479931      0.411306769    
   1.46827197      0.392447740    
   1.50174463      0.358022481    
   1.53521729      0.298451871    
   1.56868994      0.282586306    
   1.60216260      0.276000619    
   1.63563526      0.236785784    
   1.66910791      0.210442990    
   1.70258057      0.189787835    
   1.73605323      0.162547007    
   1.76952589      0.156560004    
   1.80299854      0.121536061    
   1.83647120      0.117345162    
   1.86994386      0.100880921    
   1.90341651       9.60913226E-02
   1.93688917       8.23212266E-02
   1.97036183       6.52582794E-02
   2.00383472       6.04686812E-02
   2.03730750       4.93927337E-02
   2.07078028       3.38265412E-02
   2.10425305       3.41258906E-02
   2.13772583       2.75401920E-02
   2.17119861       2.24512424E-02
   2.20467138       2.15531942E-02
   2.23814416       1.67635940E-02
   2.27161694       1.64642446E-02
   2.30508971       1.34707456E-02
   2.33856249       1.01778973E-02
   2.37203526       1.07765971E-02
   2.40550804       8.08244757E-03
   2.43898082       4.19089850E-03
   2.47245359       4.49024839E-03
   2.50592637       3.89154884E-03
   2.53939915       4.49024839E-03
   2.57287192       2.69414927E-03
   2.60634470       5.98699844E-04
   2.63981748       2.69414927E-03
   2.67329025       2.39479938E-03
   2.70676303       1.79609947E-03
   2.74023581       1.19739969E-03
   2.77370858       1.19739969E-03
   2.80718136       0.00000000    
   2.84065413       0.00000000    
   2.87412691       0.00000000    
   2.90759969       5.98699844E-04
   2.94107246       5.98699844E-04
   2.97454524       2.99349922E-04
   3.00801802       2.99349922E-04
   3.04149079       0.00000000    
   3.07496357       2.99349922E-04

