   5.29739540E-03  0.646973312    
   1.58921853E-02   0.00000000    
   2.64869742E-02   0.00000000    
   3.70817669E-02   0.00000000    
   4.76765595E-02   0.00000000    
   5.82713522E-02   0.00000000    
   6.88661486E-02   0.00000000    
   7.94609413E-02   2.88398215E-03
   9.00557339E-02   5.28730042E-02
  0.100650527      0.433558643    
  0.111245319       2.02167153    
  0.121840104       5.69682598    
  0.132434890       10.8043585    
  0.143029675       14.3401213    
  0.153624460       14.3353138    
  0.164219245       11.2225361    
  0.174814031       8.12513924    
  0.185408816       5.59300280    
  0.196003601       4.05680180    
  0.206598386       2.96088815    
  0.217193171       2.19759440    
  0.227787957       1.83805799    
  0.238382742       1.42853248    
  0.248977542       1.11898506    
  0.259572327       1.01996827    
  0.270167112      0.805592358    
  0.280761898      0.715227604    
  0.291356683      0.602752268    
  0.301951468      0.489315629    
  0.312546253      0.416254789    
  0.323141038      0.400873512    
  0.333735824      0.357613802    
  0.344330609      0.266287684    
  0.354925394      0.264365017    
  0.365520179      0.228795931    
  0.376114964      0.194188133    
  0.386709750      0.169193625    
  0.397304535      0.145160437    
  0.407899320      0.142276451    
  0.418494105      0.119204603    
  0.429088891      0.120165929    
  0.439683676      0.108629994    
  0.450278461       9.13261026E-02
  0.460873246       8.07515010E-02
  0.471468031       7.01768994E-02
  0.482062817       5.96023016E-02
  0.492657602       6.92155734E-02
  0.503252387       4.80663702E-02
  0.513847172       4.42210585E-02
  0.524441957       4.99890223E-02
  0.535036743       4.61437143E-02
  0.545631528       3.65304388E-02
  0.556226313       3.65304388E-02
  0.566821098       2.98011508E-02
  0.577415884       3.07624768E-02
  0.588010669       2.40331851E-02
  0.598605454       4.13370803E-02
  0.609200239       1.82652194E-02
  0.619795024       1.82652194E-02
  0.630389810       1.92265473E-02
  0.640984595       2.49945112E-02
  0.651579380       1.44199114E-02
  0.662174165       8.65194667E-03
  0.672768950       8.65194667E-03
  0.683363736       1.53812384E-02
  0.693958521       8.65194667E-03
  0.704553306       5.76796429E-03
  0.715148091       7.69061921E-03
  0.725742877       6.72929129E-03
  0.736337662       4.80663683E-03
  0.746932447       7.69061921E-03
  0.757527232       9.61327401E-04
  0.768122017       3.84530961E-03
  0.778716803       3.84530961E-03
  0.789311588       9.61327401E-04
  0.799906373       1.92265480E-03
  0.810501158       9.61327401E-04
  0.821095943       0.00000000    
  0.831690729       9.61327401E-04
  0.842285514       0.00000000    
  0.852880299       9.61327401E-04
  0.863475084       0.00000000    
  0.874069870       0.00000000    
  0.884664655       9.61327401E-04
  0.895259440       0.00000000    
  0.905854225       0.00000000    
  0.916449010       0.00000000    
  0.927043796       0.00000000    
  0.937638581       0.00000000    
  0.948233366       0.00000000    
  0.958828151       0.00000000    
  0.969422936       9.61327401E-04

