  0.222874969      0.260691971    
  0.612418115      0.825738549    
   1.00196123      0.794917881    
   1.39150453      0.413511395    
   1.78104758      0.133556485    
   2.17059088       7.19150230E-02
   2.56013417       2.43997406E-02
   2.94967723       1.41261658E-02
   3.33922029       1.02735749E-02
   3.72876334       5.13678743E-03
   4.11830616       2.56839371E-03
   4.50784922       0.00000000    
   4.89739227       2.56839371E-03
   5.28693533       0.00000000    
   5.67647839       2.56839371E-03
   6.06602144       1.28419686E-03
   6.45556450       0.00000000    
   6.84510756       0.00000000    
   7.23465061       0.00000000    
   7.62419367       0.00000000    
   8.01373672       0.00000000    
   8.40328026       0.00000000    
   8.79282379       1.28419686E-03
   9.18236732       1.28419686E-03
   9.57191086       1.28419686E-03

