   1.5811289856649422     
   4.7433672023251985     
   7.9055661115547791     
   11.067728564402179     
   14.229881526319085     
   17.392214396538698     
   20.555742663748703     
   23.724659021134677     
   26.912212317589617     
   30.149927764713642     
   33.493272627293464     
   37.013625868682972     
   40.778261173301914     
   44.834208751142768     
   49.206167470999347     
   53.903530317191766     
   58.927950837703207     
   64.278030363815802     
   69.951524082317775     
   75.946200929451066     
   82.260112605059675     
   88.891635870294039     
   95.839439666727898     
   103.10243460519288     
   110.67972461630595     
   118.57056626899819     
   126.77433621383517     
   135.29050565802038     
   144.11862049533377     
   153.25828584444710     
   162.70915398056525     
   172.47091486921403     
   182.54328869785246     
   192.92601994666973     
   203.61887265140518     
   214.62162659464684     
   225.93407422472683     
   237.55601814846793     
   249.48726907914588     
   261.72764414796785     
   274.27696550733339     
   287.13505916975794     
   300.30175403818731     
   313.77688109245253     
   327.56027270379417     
   341.65176205503695     
   356.05118264813962     
   370.75836788444866     
   385.77315070568841     
   401.09536328585722     
   416.72483676594373     
   432.66140102491278     
   448.90488448130606     
   465.45511392102350     
   482.31191434737303     
   499.47510885016851     
   516.94451849129064     
   534.71996220429719     
   552.80125670628524     
   571.18821642026364     
   589.88065340674007     
   608.87837730326680     
   628.18119527101396     
   647.78891194730727     
   667.70132940368421     
   687.91824710853143     
   708.43946189391500     
   729.26476792603626     
   750.39395667895440     
   771.82681691109667     
   793.56313464444793     
   815.60269314586947     
   837.94527291050008     
   860.59065164697358     
   883.53860426418589     
   906.78890285961006     
   930.34131670875036     
   954.19561225596954     
   978.35155310618859     
   1002.8089000176175     
   1027.5674108953594     
   1052.6268407857353     
   1077.9869418713581     
   1103.6474634668418     
   1129.6081520150808     
   1155.8687510840584     
   1182.4290013641237     
   1209.2886406658045     
   1236.4474039178976     
   1263.9050231660024     
   1291.6612275713971     
   1319.7157434102098     
   1348.0682940728971     
   1376.7186000639763     
   1405.6663790020125     
   1434.9113456198211     
   1464.4532117649355     
   1494.2916864001825     
   1524.4264756045150     
   1554.8572825740221     
   1585.5838076230336     
   1616.6057481854134     
   1647.9227988160146     
   1679.5346511922392     
   1711.4409941157132     
   1743.6415135141081     
   1776.1358924430431     
   1808.9238110881174     
   1842.0049467670142     
   1875.3789739317453     
   1909.0455641709077     
   1943.0043862120890     
   1977.2551059243306     
   2011.7973863206960     
   2046.6308875608045     
   2081.7552669536321     
   2117.1701789601780     
   2152.8752751962961     
   2188.8702044355964     
   2225.1546126123635     
   2261.7281428245633     
   2298.5904353368915     
   2335.7411275838967     
   2373.1798541730577     
   2410.9062468881261     
   2448.9199346922705     
   2487.2205437314215     
   2525.8076973376487     
   2564.6810160325044     
   2603.8401175304839     
   2643.2846167425350     
   2683.0141257795667     
   2723.0282539559930     
   2763.3266077933727     
   2803.9087910240255     
   2844.7744045947561     
   2885.9230466705480     
   2927.3543126383242     
   2969.0677951107605     
   3011.0630839301134     
   3053.3397661720769     
   3095.8974261497196     
   3138.7356454173614     
   3181.8540027746349     
   3225.2520742704223     
   3268.9294332069262     
   3312.8856501437340     
   3357.1202929019264     
   3401.6329265682266     
   3446.4231134991442     
   3491.4904133252167     
   3536.8343829552277     
   3582.4545765804301     
   3628.3505456789071     
   3674.5218390198756     
   3720.9680026680057     
   3767.6885799878719     
   3814.6831116483190     
   3861.9511356269250     
   3909.4921872144969     
   3957.3057990195184     
   4005.3915009727743     
   4053.7488203318162     
   4102.3772816856099     
   4151.2764069591803     
   4200.4457154181691     
   4249.8847236736319     
   4299.5929456865970     
   4349.5698927729673     
   4399.8150736081370     
   4450.3279942318677     
   4501.1081580530554     
   4552.1550658546130     
   4603.4682157983052     
   4655.0471034296779     
   4706.8912216829749     
   4759.0000608860428     
   4811.3731087654205     
   4864.0098504512089     
   4916.9097684822300     
   4970.0723428109732     
   5023.4970508087818     
   5077.1833672708972     
   5131.1307644216204     
   5185.3387119194758     
   5239.8066768624130     
   5294.5341237929833     
   5349.5205147036422     
   5404.7653090419799     
   5460.2679637160027     
   5516.0279330994945     
   5572.0446690373401     
   5628.3176208508721     
   5684.8462353433242     
   5741.6299568051963     
   5798.6682270197352     
   5855.9604852684070     
   5913.5061683363529     
   5971.3047105180085     
   6029.3555436224888     
   6087.6580969793649     
   6146.2117974440725     
   6205.0160694036731     
   6264.0703347823764     
   6323.3740130473689     
   6382.9265212143373     
   6442.7272738533311     
   6502.7756830943872     
   6563.0711586334273     
   6623.6131077379241     
   6684.4009352528119     
   6745.4340436062666     
   6806.7118328156430     
   6868.2337004932606     
   6929.9990418524139     
   6992.0072497132687     
   7054.2577145088044     
   7116.7498242908441     
   7179.4829647360357     
   7242.4565191518868     
   7305.6698684828107     
   7369.1223913162248     
   7432.8134638886286     
   7496.7424600917830     
   7560.9087514787807     
   7625.3117072702789     
   7689.9506943606630     
   7754.8250773242835     
   7819.9342184216957     
   7885.2774776058950     
   7950.8542125286667     
   8016.6637785468010     
   8082.7055287285157     
   8148.9788138597842     
   8215.4829824506742     
   8282.2173807417730     
   8349.1813527106624     
   8416.3742400782830     
   8483.7953823154221     
   8551.4441166492452     
   8619.3197780697483     
   8687.4216993363498     
   8755.7492109844043     
   8824.3016413317691     
   8893.0783164854856     
   8962.0785603482818     
   9031.3016946253101     
   9100.7470388307738     
   9170.4139102946192     
   9240.3016241692239     
   9310.4094934361801     
   9380.7368289129736     
   9451.2829392598451     
   9522.0471309864752     
   9593.0287084588508     
   9664.2269739061758     
   9735.6412274276008     
   9807.2707669991596     
   9879.1148884806971     
   9951.1728856227273     
   10023.444050073433     
   10095.927671385565     
   10168.623037023501     
   10241.529432370158     
   10314.646140734105     
   10387.972443356533     
   10461.507619418360     
   10535.250946047319     
   10609.201698325041     
   10683.359149294145     
   10757.722569965519     
   10832.291229325285     
   10907.064394342147     
   10982.041329974534     
   11057.221299177809     
   11132.603562911527     
   11208.187380146750     
   11283.972007873226     
   11359.956701106748     
   11436.140712896531     
   11512.523294332461     
   11589.103694552465     
   11665.881160749997     
   11742.854938181281     
   11820.024270172868     
   11897.388398128956     
   11974.946561538960     
   12052.697997984893     
   12130.641943148916     
   12208.777630820807     
   12287.104292905544     
   12365.621159430806     
   12444.327458554577     
   12523.222416572715     
   12602.305257926539     
   12681.575205210491     
   12761.031479179772     
   12840.673298757976     
   12920.499881044754     
   13000.510441323555     
   13080.704193069339     
   13161.080347956256     
   13241.638115865455     
   13322.376704892773     
   13403.295321356625     
   13484.393169805709     
   13565.669453026905     
   13647.123372052993     
   13728.754126170694     
   13810.560912928302     
   13892.542928143841     
   13974.699365912707     
   14057.029418615761     
   14139.532276927212     
   14222.207129822616     
   14305.053164586749     
   14388.069566821663     
   14471.255520454732     
   14554.610207746584     
   14638.132809299212     
   14721.822504063963     
   14805.678469349670     
   14889.699880830705     
   14973.885912555081     
   15058.235736952625     
   15142.748524842951     
   15227.423445443868     
   15312.259666379323     
   15397.256353687659     
   15482.412671829872     
   15567.727783697719     
   15653.200850622028     
   15738.831032380909     
   15824.617487208003     
   15910.559371800755     
   15996.655841328786     
   16082.906049442045     
   16169.309148279268     
   16255.864288476225     
   16342.570619174125     
   16429.427288027979     
   16516.433441214875     
   16603.588223442563     
   16690.890777957604     
   16778.340246554089     
   16865.935769581894     
   16953.676485955046     
   17041.561533160453     
   17129.590047266123     
   17217.761162929837     
   17306.074013407499     
   17394.527730561884     
   17483.121444870896     
   17571.854285436297     
   17660.725379992196     
   17749.733854913709     
   17838.878835225409     
   17928.159444610013     
   18017.574805417073     
   18107.124038671391     
   18196.806264081872     
   18286.620600050046     
   18376.566163678752     
   18466.642070780963     
   18556.847435888190     
   18647.181372259507     
   18737.642991889988     
   18828.231405519626     
   18918.945722641998     
   19009.785051513067     
   19100.748499159832     
   19191.835171389237     
   19283.044172796919     
   19374.374606775989     
   19465.825575525811     
   19557.396180060954     
   19649.085520219898     
   19740.892694673930     
   19832.816800936042     
   19924.856935369709     
   20017.012193197923     
   20109.281668511921     
   20201.664454280097     
   20294.159642357212     
   20386.766323492840     
   20479.483587340750     
   20572.310522467535     
   20665.246216361749     
   20758.289755442878     
   20851.440225070201     
   20944.696709551878     
   21038.058292153939     
   21131.524055109221     
   21225.093079626586     
   21318.764445899629     
   21412.537233116062     
   21506.410519466608     
   21600.383382153897     
   21694.454897401905     
   21788.624140464763     
   21882.890185635923     
   21977.252106257150     
   22071.708974727990     
   22166.259862514347     
   22260.903840158098     
   22355.639977285955     
   22450.467342618700     
   22545.385003980304     
   22640.392028307131     
   22735.487481657114     
   22830.670429218851     
   22925.939935320948     
   23021.295063441019     
   23116.734876215087     
   23212.258435446649     
   23307.864802116004     
   23403.553036389381     
   23499.322197628349     
   23595.171344398797     
   23691.099534480465     
   23787.105824876035     
   23883.189271820440     
   23979.348930790162     
   24075.583856512520     
   24171.893102974896     
   24268.275723434213     
   24364.730770425882     
   24461.257295773616     
   24557.854350598271     
   24654.520985327526     
   24751.256249705020     
   24848.059192799690     
   24944.928863015306     
   25041.864308099590     
   25138.864575153770     
   25235.928710641761     
   25333.055760399762     
   25430.244769645356     
   25527.494782987258     
   25624.804844434322     
   25722.173997405174     
   25819.601284737608     
   25917.085748697889     
   26014.626430990222     
   26112.222372766239     
   26209.872614634325     
   26307.576196668986     
   26405.332158420584     
   26503.139538924450     
   26600.997376710442     
   26698.904709812454     
   26796.860575777857     
   26894.864011676953     
   26992.914054112236     
   27091.009739228288     
   27189.150102720920     
   27287.334179846755     
   27385.561005432621     
   27483.829613885231     
   27582.139039200527     
   27680.488314973212     
   27778.876474406217     
   27877.302550320306     
   27975.765575163463     
   28074.264581020489     
   28172.798599622478     
   28271.366662356297     
   28369.967800274233     
   28468.601044103347     
   28567.265424255213     
   28665.959970835174     
   28764.683713652183     
   28863.435682228082     
   28962.214905807283     
   29061.020413366317     
   29159.851233623260     
   29258.706395047408     
   29357.584925868759     
   29456.485854087659     
   29555.408207484143     
   29654.351013627736     
   29753.313299886911     
   29852.294093438581     
   29951.292421277794     
   30050.307310227188     
   30149.337786946602     
   30248.382877942688     
   30347.441609578411     
   30446.513008082631     
   30545.596099559745     
   30644.689909999088     
   30743.793465284762     
   30842.905791204972     
   30942.025913461803     
   31041.152857680583     
   31140.285649419715     
   31239.423314179974     
   31338.564877414352     
   31437.709364537466     
   31536.855800935176     
   31636.003211974195     
   31735.150623011712     
   31834.297059404777     
   31933.441546520178     
   32032.583109743791     
   32131.720774490186     
   32230.853566212332     
   32329.980510411104     
   32429.100632644793     
   32528.212958538803     
   32627.316513795155     
   32726.410324202130     
   32825.493415643708     
   32924.564814109362     
   33023.623545703384     
   33122.668636654707     
   33221.699113326213     
   33320.714002224609     
   33419.712330009643     
   33518.693123504054     
   33617.655409702878     
   33716.598215782979     
   33815.520569112850     
   33914.421497261959     
   34013.300028010402     
   34112.155189358476     
   34210.986009536173     
   34309.791517012833     
   34408.570740506453     
   34507.322708993634     
   34606.046451718699     
   34704.740998203524     
   34803.405378257114     
   34902.038621984713     
   35000.639759797894     
   35099.207822423814     
   35197.741840914598     
   35296.240846657209     
   35394.703871382684     
   35493.129947175861     
   35591.518106484677     
   35689.867382129873     
   35788.176807314463     
   35886.445415632996     
   35984.672241081535     
   36082.856318066639     
   36180.996681415272     
   36279.092366383986     
   36377.142408668609     
   36475.145844413550     
   36573.101710221526     
   36671.009043162718     
   36768.866880784466     
   36866.674261120606     
   36964.430222701158     
   37062.133804561279     
   37159.784046251370     
   37257.379987845896     
   37354.920669953273     
   37452.405133725115     
   37549.832420865547     
   37647.201573640858     
   37744.511634888862     
   37841.761648028099     
   37938.950657067544     
   38036.077706615652     
   38133.141841890261     
   38230.142108727341     
   38327.077553590898     
   38423.947223582109     
   38520.750166448714     
   38617.485430594388     
   38714.152065088128     
   38810.749119673499     
   38907.275644778136     
   39003.730691523029     
   39100.113311731686     
   39196.422557939550     
   39292.657483403607     
   39388.817142111096     
   39484.900588789431     
   39580.906878914931     
   39676.835068722619     
   39772.684215215144     
   39868.453376172205     
   39964.141610159662     
   40059.747976539009     
   40155.271535476510     
   40250.711347952471     
   40346.066475770320     
   40441.335981565950     
   40536.518928817168     
   40631.614381852385     
   40726.621405860249     
   40821.539066898571     
   40916.366431903807     
   41011.102568699811     
   41105.746546007460     
   41200.297433453248     
   41294.754301579123     
   41389.116221851044     
   41483.382266668377     
   41577.551509372839     
   41671.623024258079     
   41765.595886577983     
   41859.469172556492     
   41953.241959396320     
   42046.913325288093     
   42140.482349419472     
   42233.948111984049     
   42327.309694190611     
   42420.566178272042     
   42513.716647494286     
   42606.760186165367     
   42699.695879644678     
   42792.522814351600     
   42885.240077774615     
   42977.846758480358     
   43070.341946122542     
   43162.724731450653     
   43254.994206319367     
   43347.149463697140     
   43439.189597675169     
   43531.113703476287     
   43622.920877463977     
   43714.610217151254     
   43806.180821209273     
   43897.631789476567     
   43988.962222967544     
   44080.171223881509     
   44171.257895611634     
   44262.221342753401     
   44353.060671113861     
   44443.774987719844     
   44534.363400827227     
   44624.825019929522     
   44715.158955766856     
   44805.364320334149     
   44895.440226890336     
   44985.385789966771     
   45075.200125376759     
   45164.882350222790     
   45254.431582906378     
   45343.846943136436     
   45433.127551937549     
   45522.272531659393     
   45611.281005984543     
   45700.152099937550     
   45788.884939893411     
   45877.478653586171     
   45965.932370117538     
   46054.245219965400     
   46142.416334992384     
   46230.444848454405     
   46318.329895009068     
   46406.070610724397     
   46493.666133087208     
   46581.115601011472     
   46668.418154846986     
   46755.572936387704     
   46842.579088880200     
   46929.435757032064     
   47016.142087020387     
   47102.697226500066     
   47189.100324612118     
   47275.350531992430     
   47361.447000779459     
   47447.388884623288     
   47533.175338693247     
   47618.805519686772     
   47704.278585837528     
   47789.593696923301     
   47874.750014275050     
   47959.746700784242     
   48044.582920911911     
   48129.257840696264     
   48213.770627761165     
   48298.120451324299     
   48382.306482205175     
   48466.327892833557     
   48550.183857257332     
   48633.873551150762     
   48717.396151822570     
   48800.750838223990     
   48883.936790956897     
   48966.953192281930     
   49049.799226126110     
   49132.474078091531     
   49214.976935462844     
   49297.306987215452     
   49379.463424023437     
   49461.445438267539     
   49543.252224043084     
   49624.882977167857     
   49706.336895190121     
   49787.613177396430     
   49868.711024819400     
   49949.629640245832     
   50030.368228224266     
   50110.925995072896     
   50191.302148887524     
   50271.495899549067     
   50351.506458731572     
   50431.333039909863     
   50510.974858367204     
   50590.431131203091     
   50669.701077340986     
   50748.783917535875     
   50827.678874382043     
   50906.385172320690     
   50984.902037647465     
   51063.228698520201     
   51141.364384966408     
   51219.308328890809     
   51297.059764083082     
   51374.617926225161     
   51451.982052898915     
   51529.151383593482     
   51606.125159712938     
   51682.902624583599     
   51759.483023461507     
   51835.865603539874     
   51912.049613956464     
   51988.034305800909     
   52063.818932122238     
   52139.402747935928     
   52214.785010231673     
   52289.964977980184     
   52364.941912140777     
   52439.715075668646     
   52514.283733521865     
   52588.647152669007     
   52662.804602095945     
   52736.755352813161     
   52810.498677863179     
   52884.033852327244     
   52957.360153332884     
   53030.476860060691     
   53103.383253751672     
   53176.078617713982     
   53248.562237330356     
   53320.833400064825     
   53392.891395469785     
   53464.735515193184     
   53536.365052985188     
   53607.779304705349     
   53678.977568329305     
   53749.959143955974     
   53820.723333814130     
   53891.269442269426     
   53961.596775831233     
   54031.704643159414     
   54101.592355071058     
   54171.259224547393     
   54240.704566740409     
   54309.927698979671     
   54378.927940778995     
   54447.704613843089     
   54516.257042074329     
   54584.584551579261     
   54652.686470675326     
   54720.562129897546     
   54788.210862004744     
   54855.632001986465     
   54922.824887069502     
   54989.788856724066     
   55056.523252670733     
   55123.027418886471     
   55189.300701611348     
   55255.342449354997     
   55321.152012902829     
   55386.728745322485     
   55452.072001970271     
   55517.181140497334     
   55582.055520856113     
   55646.694505306587     
   55711.097458422482     
   55775.263747097575     
   55839.192740551938     
   55902.883810337946     
   55966.336330346763     
   56029.549676814146     
   56092.523228326907     
   56155.256365828740     
   56217.748472626343     
   56279.998934395720     
   56342.007139187903     
   56403.772477435130     
   56465.294341956775     
   56526.572127965337     
   56587.605233072230     
   56648.393057294110     
   56708.935003058170     
   56769.230475208489     
   56829.278881011734     
   56889.079630162785     
   56948.632134790729     
   57007.935809464747     
   57066.990071199471     
   57125.794339461070     
   57184.348036172727     
   57242.650585720425     
   57300.701414958559     
   57358.499953215505     
   57416.045632299312     
   57473.337886503199     
   57530.376152611141     
   57587.159869903313     
   57643.688480161713     
   57699.961427675633     
   57755.978159246872     
   57811.738124195435     
   57867.240774364866     
   57922.485564127448     
   57977.471950389780     
   58032.199392597897     
   58086.667352742727     
   58140.875295365273     
   58194.822687561784     
   58248.508998989186     
   58301.933701870068     
   58355.096270997863     
   58407.996183742085     
   58460.632920053526     
   58513.005962468924     
   58565.114796116555     
   58616.958908720844     
   58668.537790607661     
   58719.850934709095     
   58770.897836568489     
   58821.677994345402     
   58872.190908820427     
   58922.436083400135     
   58972.413024121772     
   59022.121239658321     
   59071.560241323001     
   59120.729543074332     
   59169.628661520568     
   59218.257115924534     
   59266.614428208384     
   59314.700122958107     
   59362.513727428202     
   59410.054771546325     
   59457.322787917692     
   59504.317311829749     
   59551.037881256721     
   59597.484036863803     
   59643.655322011997     
   59689.551282762150     
   59735.171467879663     
   59780.515428838567     
   59825.582719826001     
   59870.372897746507     
   59914.885522226185     
   59959.120155617107     
   60003.076363001259     
   60046.753712194943     
   60090.151773752725     
   60133.270120971712     
   60176.108329895440     
   60218.665979318110     
   60260.942650788340     
   60302.937928613384     
   60344.651399862931     
   60386.082654372862     
   60427.231284749520     
   60468.096886373125     
   60508.679057401736     
   60548.977398775045     
   60588.991514218011     
   60628.721010244488     
   60668.165496161047     
   60707.324584070418     
   60746.197888875038     
   60784.785028280632     
   60823.085622799692     
   60861.099295754866     
   60898.825673282343     
   60936.264384335140     
   60973.415060686610     
   61010.277336933323     
   61046.850850498602     
   61083.135241635398     
   61119.130153429629     
   61154.835231803037     
   61190.250125516068     
   61225.374486171189     
   61260.207968215225     
   61294.750228942670     
   61329.000928497881     
   61362.959729878232     
   61396.626298936433     
   61430.000304383007     
   61463.081417788933     
   61495.869313587878     
   61528.363669078397     
   61560.564164426229     
   61592.470482666395     
   61624.082309705045     
   61655.399334321461     
   61686.421248169783     
   61717.147745780712     
   61747.578524562865     
   61777.713284804428     
   61807.551729674138     
   61837.093565222553     
   61866.338500382903     
   61895.286246971904     
   61923.936519690309     
   61952.289036123257     
   61980.343516740504     
   62008.099684896217     
   62035.557266828822     
   62062.715991660356     
   62089.575591395485     
   62116.135800920449     
   62142.396358001482     
   62168.357003282843     
   62194.017480284623     
   62219.377535399857     
   62244.436917891362     
   62269.195379888028     
   62293.652676380341     
   62317.808565215499     
   62341.662807091816     
   62365.215165552072     
   62388.465406976560     
   62411.413300574524     
   62434.058618375188     
   62456.401135217362     
   62478.440628737662     
   62500.176879357619     
   62521.609670269143     
   62542.738787417904     
   62563.564019485442     
   62584.085157868532     
   62604.301996656221     
   62624.214332604599     
   62643.821965107629     
   62663.124696165585     
   62682.122330348604     
   62700.814674756570     
   62719.201538973466     
   62737.282735016655     
   62755.058077278867     
   62772.527382463792     
   62789.690469512498     
   62806.547159520560     
   62823.097275644235     
   62839.340642993571     
   62855.277088511022     
   62870.906440833242     
   62886.228530132590     
   62901.243187936314     
   62915.950246918663     
   62930.349540661300     
   62944.440903377625     
   62958.224169593006     
   62971.699173773966     
   62984.865749896489     
   62997.723730941776     
   63010.272948305334     
   63022.513231101519     
   63034.444405342940     
   63046.066292967655     
   63057.378710680925     
   63068.381468570173     
   63079.074368441878     
   63089.457201812933     
   63099.529747473374     
   63109.291768511313     
   63118.743008660611     
   63127.883187786814     
   63136.711996271348     
   63145.229087971653     
   63153.434071325864     
   63161.326498013732     
   63168.905848365845     
   63176.171512388151     
   63183.122764798514     
   63189.758731754373     
   63196.078345852817     
   63202.080284241849     
   63207.762881840506     
   63213.124006850114     
   63218.160877218936     
   63222.869780792193     
   63227.245630026482     
   63231.281211460460     
   63234.965855803799     
   63238.281749910449     
   63241.212293078592     
   63243.553959442906     
   63246.092166854360     
   63246.596344410449     
   63251.337666833198     
   63251.343835783904     
   63258.628340487965     
   63258.628346704849     
   63269.115288679495     
   63269.115288679808     
