           2   3.2999999999999610E-005   1.0000000000001327E-006
           3   7.0000000000000617E-006   1.1000000000000159E-005
           4   9.9999999999969905E-007   1.0000000000001327E-006
           5   2.0000000000002655E-006   1.0000000000001327E-006
           6   1.9999999999998318E-006   2.0000000000002655E-006
           7   1.9999999999998318E-006   8.9999999999998935E-006
           8   1.9999999999998318E-006   1.4000000000000123E-005
           9   1.9999999999998318E-006   4.4999999999999901E-005
          10   2.0000000000002655E-006   4.8999999999999998E-005
          11   1.9999999999998318E-006   1.0499999999999962E-004
          12   2.9999999999999645E-006   2.5500000000000002E-004
          13   2.9999999999999645E-006   5.6500000000000040E-004
          14   2.3000000000000451E-005   1.1180000000000001E-003
          15   1.6999999999999654E-005   2.2129999999999997E-003
          16   2.9999999999995308E-006   2.8729999999999988E-003
          17   2.9999999999995308E-006   4.4980000000000003E-003
          18   4.9999999999997963E-006   9.1729999999999989E-003
          19   3.9999999999970615E-006   1.9947999999999997E-002
          20   4.9999999999980616E-006   3.6479000000000004E-002
          21   1.2999999999999123E-005   7.8161000000000008E-002
          22   1.7000000000017002E-005  0.15019099999999999     
          23   6.0000000000060005E-006  0.30138100000000001     
          24   8.0000000000080007E-006  0.59437800000000007     
          25   4.0000000001150227E-006   1.1746390000000000     
          26   3.9999999996709334E-006   2.3374819999999996     
          27   8.0000000002300453E-006   4.6541959999999998     
          28   4.9999999998107114E-006   14.445931000000000     
          29   1.8000000000739647E-005   63.821309999999997     
          30   6.1000000002309207E-005   204.11281199999996     
          31   4.6999999995023245E-005   9.9999999747524271E-007
          32   9.9999999747524271E-006   0.0000000000000000     
          33   4.9999999873762135E-006   0.0000000000000000     
          34   4.9999999873762135E-006   9.9999999747524271E-007
          35   4.9999999873762135E-006   9.9999999747524271E-007
          36   4.9999999873762135E-006   9.9999999747524271E-007
          37   4.0000000467443897E-006   0.0000000000000000     
          38   4.9999999873762135E-006   0.0000000000000000     
          39   5.9999999848514562E-006   9.9999999747524271E-007
          40   5.9999999848514562E-006   0.0000000000000000     
