           0  -8.0637638539837305E-013
           1   4.9999916088153218E-007
           2   2.4999490340637809E-006
           3   6.9996487604086287E-006
           4   1.4998648314861551E-005
           5   2.7496147743492834E-005
           6   4.5490897242968264E-005
           7   6.9981097287906999E-005
           8   1.0196429880603193E-004
           9   1.4243730342616235E-004
          10   1.9239606379651251E-004
          11   2.5283558398853822E-004
          12   3.2474981999753894E-004
          13   4.0913158034506120E-004
          14   5.0697242680079952E-004
          15   6.1926257522201377E-004
          16   7.4699079653676342E-004
          17   8.9114431786149078E-004
          18   1.0527087237789633E-003
          19   1.2326678577886782E-003
          20   1.4320037239100307E-003
          21   1.6516963884839894E-003
          22   1.8927238821729530E-003
          23   2.1560621021723143E-003
          24   2.4426847145531771E-003
          25   2.7535630570186239E-003
          26   3.0896660416378187E-003
          27   3.4519600580252760E-003
          28   3.8414088767124541E-003
          29   4.2589735527436313E-003
          30   4.7056123295745340E-003
          31   5.1822805432461955E-003
          32   5.6899305268397430E-003
          33   6.2295115152822527E-003
          34   6.8019695504614912E-003
          35   7.4082473864618198E-003
          36   8.0492843953381184E-003
          37   8.7260164735016854E-003
          38   9.4393759475099002E-003
          39   1.0190291481429681E-002
          40   1.0979687983657635E-002
          41   1.1808486514394550E-002
          42   1.2677604193824068E-002
          43   1.3587954110077927E-002
          44   1.4540445228015420E-002
          45   1.5535982298779323E-002
          46   1.6575465768069435E-002
          47   1.7659791688104966E-002
          48   1.8789851625837531E-002
          49   1.9966532575126976E-002
          50   2.1190716868396558E-002
          51   2.2463282086605300E-002
          52   2.3785100973120331E-002
          53   2.5157041346630028E-002
          54   2.6579966012685155E-002
          55   2.8054732678314483E-002
          56   2.9582193867341702E-002
          57   3.1163196833849913E-002
          58   3.2798583476886772E-002
          59   3.4489190257498116E-002
          60   3.6235848115498945E-002
          61   3.8039382385340832E-002
          62   3.9900612713046901E-002
          63   4.1820352975055881E-002
          64   4.3799411197494080E-002
          65   4.5838589474994501E-002
          66   4.7938683889761975E-002
          67   5.0100484431808229E-002
          68   5.2324774920517021E-002
          69   5.4612332926815978E-002
          70   5.6963929695399547E-002
          71   5.9380330066812502E-002
          72   6.1862292400621056E-002
          73   6.4410568500267357E-002
          74   6.7025903537542758E-002
          75   6.9709035978948675E-002
          76   7.2460697511558383E-002
          77   7.5281612969307382E-002
          78   7.8172500260967059E-002
          79   8.1134070297172331E-002
          80   8.4167026920921234E-002
          81   8.7272066835790238E-002
          82   9.0449879538081465E-002
          83   9.3701147246164032E-002
          84   9.7026544833867023E-002
          85  0.10042673976121046     
          86  0.10390239200904669     
          87  0.10745415401195772     
          88  0.11108267059346927     
          89  0.11478857890201442     
          90  0.11857250834613813     
          91  0.12243508053316138     
          92  0.12637690920563499     
          93  0.13039860018062291     
          94  0.13450075128956437     
          95  0.13868395231707639     
          96  0.14294878494335020     
          97  0.14729582268545049     
          98  0.15172563083922505     
          99  0.15623876642406123     
