           0  -8.0637638539837305E-013
           1   4.9999189931938472E-008
           2   2.4999417752456029E-007
           3   6.9996415027221399E-007
           4   1.4998641061449725E-006
           5   2.7496140489895149E-006
           6   4.5490889994816168E-006
           7   6.9981090048826837E-006
           8   1.0196429157110452E-005
           9   1.4243729619570689E-005
          10   1.9239605657473203E-005
          11   2.5283557677643040E-005
          12   3.2474981279036876E-005
          13   4.0913157315001791E-005
          14   5.0697241961718659E-005
          15   6.1926256804891862E-005
          16   7.4699078937899211E-005
          17   8.9114431072173875E-005
          18   1.0527087166559455E-004
          19   1.2326678506829113E-004
          20   1.4320037168278862E-004
          21   1.6516963814301500E-004
          22   1.8927238751535069E-004
          23   2.1560620951922640E-004
          24   2.4426847076166778E-004
          25   2.7535630501331580E-004
          26   3.0896660348124358E-004
          27   3.4519600512666004E-004
          28   3.8414088700377251E-004
          29   4.2589735461679118E-004
          30   4.7056123231118394E-004
          31   5.1822805369125557E-004
          32   5.6899305206550236E-004
          33   6.2295115092704284E-004
          34   6.8019695446462462E-004
          35   7.4082473808783961E-004
          36   8.0492843900165068E-004
          37   8.7260164684803670E-004
          38   9.4393759428292858E-004
          39   1.0190291477135509E-003
          40   1.0979687979811353E-003
          41   1.1808486511044772E-003
          42   1.2677604191052860E-003
          43   1.3587954107944587E-003
          44   1.4540445226614287E-003
          45   1.5535982298213709E-003
          46   1.6575465768423740E-003
          47   1.7659791689533845E-003
          48   1.8789851628451626E-003
          49   1.9966532579065539E-003
          50   2.1190716873885026E-003
          51   2.2463282093782679E-003
          52   2.3785100982179033E-003
          53   2.5157041357881313E-003
          54   2.6579966026361391E-003
          55   2.8054732694627669E-003
          56   2.9582193886671677E-003
          57   3.1163196856634962E-003
          58   3.2798583503408870E-003
          59   3.4489190288073865E-003
          60   3.6235848150686432E-003
          61   3.8039382425770498E-003
          62   3.9900612759179027E-003
          63   4.1820353027267844E-003
          64   4.3799411256384927E-003
          65   4.5838589541424791E-003
          66   4.7938683964600980E-003
          67   5.0100484515688210E-003
          68   5.2324775013920096E-003
          69   5.4612333030403214E-003
          70   5.6963929810239363E-003
          71   5.9380330194232700E-003
          72   6.1862292541621572E-003
          73   6.4410568655599758E-003
          74   6.7025903707746718E-003
          75   6.9709036164682667E-003
          76   7.2460697714138919E-003
          77   7.5281613190164836E-003
          78   7.8172500501849738E-003
          79   8.1134070559055454E-003
          80   8.4167027204650122E-003
          81   8.7272067141543185E-003
          82   9.0449879866597530E-003
          83   9.3701147598160943E-003
          84   9.7026545211213507E-003
          85   1.0042674016540413E-002
          86   1.0390239244218672E-002
          87   1.0745415447489172E-002
          88   1.1108267108695901E-002
          89   1.1478857942601887E-002
          90   1.1857250890023098E-002
          91   1.2243508111800139E-002
          92   1.2637690982128979E-002
          93   1.3039860082876449E-002
          94   1.3450075197207300E-002
          95   1.3868395303520758E-002
          96   1.4294878569933922E-002
          97   1.4729582347975501E-002
          98   1.5172563167127652E-002
          99   1.5623876729393645E-002
         100   1.6083577903285087E-002
         101   1.6551720718607478E-002
         102   1.7028358361252407E-002
         103   1.7513543167450331E-002
         104   1.8007326618689607E-002
         105   1.8509759336808981E-002
         106   1.9020891078617600E-002
         107   1.9540770730787017E-002
         108   2.0069446305373034E-002
         109   2.0606964934953256E-002
         110   2.1153372867428299E-002
         111   2.1708715461843893E-002
         112   2.2273037184096723E-002
         113   2.2846381601947414E-002
         114   2.3428791380865562E-002
         115   2.4020308279773608E-002
         116   2.4620973147249179E-002
         117   2.5230825916865318E-002
         118   2.5849905603258026E-002
         119   2.6478250298452088E-002
         120   2.7115897168168569E-002
         121   2.7762882447861497E-002
         122   2.8419241438846960E-002
         123   2.9085008505103052E-002
         124   2.9760217069929863E-002
         125   3.0444899612590230E-002
         126   3.1139087664779977E-002
         127   3.1842811807383874E-002
         128   3.2556101667952406E-002
         129   3.3278985917452722E-002
         130   3.4011492267755399E-002
         131   3.4753647468005577E-002
         132   3.5505477302675705E-002
         133   3.6267006588648461E-002
         134   3.7038259173120439E-002
         135   3.7819257931137835E-002
         136   3.8610024762794813E-002
         137   3.9410580591509002E-002
         138   4.0220945361421720E-002
         139   4.1041138036089081E-002
         140   4.1871176596590592E-002
         141   4.2711078038937325E-002
         142   4.3560858373164112E-002
         143   4.4420532621066877E-002
         144   4.5290114814785017E-002
         145   4.6169617996307553E-002
         146   4.7059054215283565E-002
         147   4.7958434528039474E-002
         148   4.8867768996822707E-002
         149   4.9787066687814192E-002
         150   5.0716335670999271E-002
         151   5.1655583019520147E-002
         152   5.2604814808621787E-002
         153   5.3564036115158933E-002
         154   5.4533251017313766E-002
         155   5.5512462593735358E-002
         156   5.6501672922824590E-002
         157   5.7500883083757295E-002
         158   5.8510093155453170E-002
         159   5.9529302216887299E-002
         160   6.0558508347216440E-002
         161   6.1597708626445820E-002
         162   6.2646899134378958E-002
         163   6.3706074951898922E-002
         164   6.4775230161321876E-002
         165   6.5854357847296541E-002
         166   6.6943450096586657E-002
         167   6.8042498000109933E-002
         168   6.9151491653251101E-002
         169   7.0270420156989186E-002
         170   7.1399271618094604E-002
         171   7.2538033151401976E-002
         172   7.3686690880813935E-002
         173   7.4845229940304958E-002
         174   7.6013634475624786E-002
         175   7.7191887646040069E-002
         176   7.8379971626857170E-002
         177   7.9577867609524247E-002
         178   8.0785555804446602E-002
         179   8.2003015442811897E-002
         180   8.3230224778626946E-002
         181   8.4467161091313553E-002
         182   8.5713800686603642E-002
         183   8.6970118900355581E-002
         184   8.8236090100985168E-002
         185   8.9511687691391215E-002
         186   9.0796884112323395E-002
         187   9.2091650843791381E-002
         188   9.3395958409262597E-002
         189   9.4709776378582994E-002
         190   9.6033073369770752E-002
         191   9.7365817053283218E-002
         192   9.8707974154267172E-002
         193  0.10005951045677709     
         194  0.10142039080757570     
         195  0.10279057911884015     
         196  0.10417003837146063     
         197  0.10555873061962842     
         198  0.10695661699420296     
         199  0.10836365770662611     
         200  0.10977981205341984     
         201  0.11120503841879249     
         202  0.11263929427963310     
         203  0.11408253621021713     
         204  0.11553471988631846     
         205  0.11699580008930029     
         206  0.11846573071153957     
         207  0.11994446475970326     
         208  0.12143195435985209     
         209  0.12292815076327687     
         210  0.12443300435074560     
         211  0.12594646463702611     
         212  0.12746848027596555     
         213  0.12899899906624637     
         214  0.13053796795529565     
         215  0.13208533304606829     
         216  0.13364103960197771     
         217  0.13520503205296613     
         218  0.13677725399944965     
         219  0.13835764821874871     
         220  0.13994615667193744     
         221  0.14154272050773828     
         222  0.14314728007009284     
         223  0.14475977490336903     
         224  0.14638014375869648     
         225  0.14800832459944221     
         226  0.14964425460666805     
         227  0.15128787018780579     
         228  0.15293910698125446     
         229  0.15459789986335792     
         230  0.15626418295488509     
         231  0.15793788962733224     
         232  0.15961895251071537     
         233  0.16130730349800468     
         234  0.16300287375371661     
         235  0.16470559372106033     
         236  0.16641539312855030     
         237  0.16813220099638773     
         238  0.16985594564410975     
         239  0.17158655469689812     
         240  0.17332395509446277     
         241  0.17506807309643801     
         242  0.17681883429047229     
         243  0.17857616360034392     
         244  0.18033998529352965     
         245  0.18211022298780141     
         246  0.18388679965972360     
         247  0.18566963765060018     
         248  0.18745865867639169     
         249  0.18925378383503422     
         250  0.19105493361406464     
         251  0.19286202789777629     
         252  0.19467498597722754     
         253  0.19649372655674979     
         254  0.19831816776276556     
         255  0.20014822715132927     
         256  0.20198382171637130     
         257  0.20382486789762103     
         258  0.20567128159054837     
         259  0.20752297815462528     
         260  0.20937987241943923     
         261  0.21124187869602931     
         262  0.21310891078353852     
         263  0.21498088197888024     
         264  0.21685770508495078     
         265  0.21873929241945869     
         266  0.22062555582360854     
         267  0.22251640666954139     
         268  0.22441175587292519     
         269  0.22631151389928267     
         270  0.22821559077306597     
         271  0.23012389608680645     
         272  0.23203633901011905     
         273  0.23395282829908198     
         274  0.23587327230439828     
         275  0.23779757898205930     
         276  0.23972565590203468     
         277  0.24165741025589377     
         278  0.24359274886784868     
         279  0.24553157820461838     
         280  0.24747380438344654     
         281  0.24941933318256204     
         282  0.25136807004846373     
         283  0.25331992010752741     
         284  0.25527478817461119     
         285  0.25723257876211381     
         286  0.25919319609058072     
         287  0.26115654409921796     
         288  0.26312252645259004     
         289  0.26509104655244720     
         290  0.26706200754635723     
         291  0.26903531233828748     
         292  0.27101086359892063     
         293  0.27298856377301201     
         294  0.27496831509020342     
         295  0.27695001957588722     
         296  0.27893357905923655     
         297  0.28091889518328317     
         298  0.28290586941680473     
         299  0.28489440306214742     
         300  0.28688439726686266     
         301  0.28887575303158963     
         302  0.29086837122053655     
         303  0.29286215257090098     
         304  0.29485699770525270     
         305  0.29685280713962636     
         306  0.29884948129194505     
         307  0.30084692049523343     
         308  0.30284502500510874     
         309  0.30484369501097874     
         310  0.30684283064512669     
         311  0.30884233199365435     
         312  0.31084209910615668     
         313  0.31284203200638955     
         314  0.31484203070246369     
         315  0.31684199519475820     
         316  0.31884182548556023     
         317  0.32084142159275864     
         318  0.32284068355657114     
         319  0.32483951145099221     
         320  0.32683780539333107     
         321  0.32883546555428489     
         322  0.33083239216796517     
         323  0.33282848554168870     
         324  0.33482364606662507     
         325  0.33681777422663267     
         326  0.33881077060774217     
         327  0.34080253591109122     
         328  0.34279297096120864     
         329  0.34478197671504585     
         330  0.34676945427171280     
         331  0.34875530488352241     
         332  0.35073942996466928     
         333  0.35272173110272481     
         334  0.35470211006649005     
         335  0.35668046881892790     
         336  0.35865670952375972     
         337  0.36063073455589240     
         338  0.36260244651348311     
         339  0.36457174822626526     
         340  0.36653854276366693     
         341  0.36850273344602086     
         342  0.37046422385364608     
         343  0.37242291783762171     
         344  0.37437871952973567     
         345  0.37633153334970404     
         346  0.37828126401642398     
         347  0.38022781655736998     
         348  0.38217109631664792     
         349  0.38411100896493738     
         350  0.38604746051128397     
         351  0.38798035731135033     
         352  0.38990960607461261     
         353  0.39183511387627257     
         354  0.39375678816521187     
         355  0.39567453677410952     
         356  0.39758826793013635     
         357  0.39949789025950661     
         358  0.40140331279957664     
         359  0.40330444500747714     
         360  0.40520119677066369     
         361  0.40709347841242949     
         362  0.40898120070461697     
         363  0.41086427487587890     
         364  0.41274261261909523     
         365  0.41461612609995918     
         366  0.41648472796676583     
         367  0.41834833135779848     
         368  0.42020684991336471     
         369  0.42206019778167958     
         370  0.42390828962849442     
         371  0.42575104064344249     
         372  0.42758836655165638     
         373  0.42942018362137147     
         374  0.43124640867184777     
         375  0.43306695908012627     
         376  0.43488175279225261     
         377  0.43669070832942830     
         378  0.43849374479531233     
         379  0.44029078188687215     
         380  0.44208173989876254     
         381  0.44386653973535733     
         382  0.44564510291667131     
         383  0.44741735158748003     
         384  0.44918320852394855     
         385  0.45094259713960394     
         386  0.45269544149439095     
         387  0.45444166630493721     
         388  0.45618119694937320     
         389  0.45791395947320951     
         390  0.45963988060161404     
         391  0.46135888774151157     
         392  0.46307090899270714     
         393  0.46477587315284558     
         394  0.46647370972557184     
         395  0.46816434892716208     
         396  0.46984772169385586     
         397  0.47152375968845922     
         398  0.47319239530719015     
         399  0.47485356168792414     
         400  0.47650719271167868     
         401  0.47815322301349977     
         402  0.47979158799050120     
         403  0.48142222380643585     
         404  0.48304506739787578     
         405  0.48466005648051830     
         406  0.48626712955575407     
         407  0.48786622591628170     
         408  0.48945728565277530     
         409  0.49104024965960991     
         410  0.49261505963970814     
         411  0.49418165811309833     
         412  0.49573998842012601     
         413  0.49728999472632690     
         414  0.49883162203223486     
         415  0.50036481617642181     
         416  0.50188952383876340     
         417  0.50340569254701306     
         418  0.50491327068457670     
         419  0.50641220749361349     
         420  0.50790245308229576     
         421  0.50938395842548256     
         422  0.51085667537358026     
         423  0.51232055665366683     
         424  0.51377555587700952     
         425  0.51522162754399359     
         426  0.51665872704598392     
         427  0.51808681067295925     
         428  0.51950583561739005     
         429  0.52091575997752115     
         430  0.52231654275930239     
         431  0.52370814388570952     
         432  0.52509052419676849     
         433  0.52646364545610891     
         434  0.52782747035078592     
         435  0.52918196249742677     
         436  0.53052708644668611     
         437  0.53186280768603134     
         438  0.53318909264348646     
         439  0.53450590869193970     
         440  0.53581322414872201     
         441  0.53711100828106040     
         442  0.53839923131046608     
         443  0.53967786441526033     
         444  0.54094687973006184     
         445  0.54220625035444536     
         446  0.54345595035114935     
         447  0.54469595475220223     
         448  0.54592623955763031     
         449  0.54714678173761833     
         450  0.54835755923737717     
         451  0.54955855098080464     
         452  0.55074973686781215     
         453  0.55193109777993599     
         454  0.55310261558118701     
         455  0.55426427311993742     
         456  0.55541605422907847     
         457  0.55655794373178191     
         458  0.55768992744068513     
         459  0.55881199215764288     
         460  0.55992412567606575     
         461  0.56102631678244830     
         462  0.56211855525700694     
         463  0.56320083187675907     
         464  0.56427313841304549     
         465  0.56533546763388309     
         466  0.56638781330738497     
         467  0.56743017019981701     
         468  0.56846253407553560     
         469  0.56948490169633537     
         470  0.57049727082494595     
         471  0.57149964022474276     
         472  0.57249200965680658     
         473  0.57347437988473648     
         474  0.57444675267313972     
         475  0.57540913078465761     
         476  0.57636151798056312     
         477  0.57730391902235267     
         478  0.57823633966994792     
         479  0.57915878668226639     
         480  0.58007126781620932     
         481  0.58097379182212949     
         482  0.58186636844705963     
         483  0.58274900843269606     
         484  0.58362172351628960     
         485  0.58448452642536952     
         486  0.58533743087861390     
         487  0.58618045158538079     
         488  0.58701360424556204     
         489  0.58783690554381207     
         490  0.58865037315008895     
         491  0.58945402571876537     
         492  0.59024788288441288     
         493  0.59103196525972723     
         494  0.59180629443671695     
         495  0.59257089298181898     
         496  0.59332578443573980     
         497  0.59407099331096547     
         498  0.59480654508627673     
         499  0.59553246620663614     
         500  0.59624878407806947     
         501  0.59695552706948163     
         502  0.59765272450685303     
         503  0.59834040667187960     
         504  0.59901860479522295     
         505  0.59968735105578430     
         506  0.60034667858023627     
         507  0.60099662143692723     
         508  0.60163721463017561     
         509  0.60226849410101257     
         510  0.60289049672269435     
         511  0.60350326029358170     
         512  0.60410682353901135     
         513  0.60470122610137078     
         514  0.60528650854166832     
         515  0.60586271233106270     
         516  0.60642987984868246     
         517  0.60698805437731052     
         518  0.60753728009848140     
         519  0.60807760208814299     
         520  0.60860906631324518     
         521  0.60913171962736812     
         522  0.60964560976710314     
         523  0.61015078534455014     
         524  0.61064729583982269     
         525  0.61113519160149576     
         526  0.61161452384186887     
         527  0.61208534462645658     
         528  0.61254770687333304     
         529  0.61300166434646797     
         530  0.61344727165050161     
         531  0.61388458422467962     
         532  0.61431365833789842     
         533  0.61473455108257824     
         534  0.61514732036966024     
         535  0.61555202492268879     
         536  0.61594872427103053     
         537  0.61633747874510436     
         538  0.61671834946999549     
         539  0.61709139835784987     
         540  0.61745668810583543     
         541  0.61781428218224921     
         542  0.61816424482931986     
         543  0.61850664105264608     
         544  0.61884153661178654     
         545  0.61916899801540914     
         546  0.61948909251685380     
         547  0.61980188810740655     
         548  0.62010745350819385     
         549  0.62040585816375771     
         550  0.62069717223354981     
         551  0.62098146658708309     
         552  0.62125881279342032     
         553  0.62152928311877464     
         554  0.62179295051405781     
         555  0.62204988861346933     
         556  0.62230017172180063     
         557  0.62254387480994777     
         558  0.62278107350894052     
         559  0.62301184409771759     
         560  0.62323626349876848     
         561  0.62345440927144558     
         562  0.62366635960115890     
         563  0.62387219329232924     
         564  0.62407198976035760     
         565  0.62426582902724703     
         566  0.62445379170980819     
         567  0.62463595901207924     
         568  0.62481241271497456     
         569  0.62498323517375332     
         570  0.62514850930543620     
         571  0.62530831858473512     
         572  0.62546274703032001     
         573  0.62561187919858641     
         574  0.62575580017706689     
         575  0.62589459557190574     
         576  0.62602835150239733     
         577  0.62615715459395027     
         578  0.62628109196625714     
         579  0.62640025122569298     
         580  0.62651472045598056     
         581  0.62662458821235667     
         582  0.62672994350704236     
         583  0.62683087580391073     
         584  0.62692747500939694     
         585  0.62701983146354057     
         586  0.62710803593162590     
         587  0.62719217959210583     
         588  0.62727235403049098     
         589  0.62734865123009886     
         590  0.62742116356177180     
         591  0.62748998377579890     
         592  0.62755520499063433     
         593  0.62761692068300823     
         594  0.62767522468222958     
         595  0.62773021115847516     
         596  0.62778197461253082     
         597  0.62783060986837236     
         598  0.62787621206296107     
         599  0.62791887663680346     
         600  0.62795869932054593     
         601  0.62799577613264046     
         602  0.62803020336567739     
         603  0.62806207757689936     
         604  0.62809149557979449     
         605  0.62811855443087794     
         606  0.62814335142607003     
         607  0.62816598408631896     
         608  0.62818655014727620     
         609  0.62820514755059298     
         610  0.62822187443758160     
         611  0.62823682913457124     
         612  0.62825011014728449     
         613  0.62826181614871368     
         614  0.62827204596657127     
         615  0.62828089857760305     
         616  0.62828847309541680     
         617  0.62829486876426655     
         618  0.62830018494373741     
         619  0.62830452110016455     
         620  0.62830797680022799     
         621  0.62831065169771261     
         622  0.62831264552379418     
         623  0.62831405807989948     
         624  0.62831498922444717     
         625  0.62831553886621549     
         626  0.62831580695082467     
         627  0.62831589345019800     
         628  0.62831589835428114     
         629  0.62831592166403782     
         630  0.62831606337846446     
         631  0.62831642348189876     
         632  0.62831710193938239     
         633  0.62831819868267913     
         634  0.62831981360288625     
         635  0.62832204653840829     
         636  0.62832499726629587     
         637  0.62832876549118621     
         638  0.62833345083605818     
         639  0.62833915283149377     
         640  0.62834597091058997     
         641  0.62835400439224409     
         642  0.62836335247297659     
         643  0.62837411421793854     
         644  0.62838638855023943     
         645  0.62840027424226530     
         646  0.62841586990502640     
         647  0.62843327397958249     
         648  0.62845258472358900     
         649  0.62847390020669891     
         650  0.62849731829819555     
         651  0.62852293665421199     
         652  0.62855085271231237     
         653  0.62858116368194017     
         654  0.62861396653374135     
         655  0.62864935798634625     
         656  0.62868743450083464     
         657  0.62872829226742699     
         658  0.62877202720152459     
         659  0.62881873492889506     
         660  0.62886851077836570     
         661  0.62892144977372422     
         662  0.62897764662226308     
         663  0.62903719570350602     
         664  0.62910019106288306     
         665  0.62916672640108351     
         666  0.62923689506638270     
         667  0.62931079004002788     
         668  0.62938850393153112     
         669  0.62947012896962751     
         670  0.62955575699038757     
         671  0.62964547943301219     
         672  0.62973938732502222     
         673  0.62983757127539730     
         674  0.62994012146423473     
         675  0.63004712763761017     
         676  0.63015867909419898     
         677  0.63027486467873761     
         678  0.63039577277186587     
         679  0.63052149128261759     
         680  0.63065210764063595     
         681  0.63078770878665680     
         682  0.63092838115897154     
         683  0.63107421069030212     
         684  0.63122528279756240     
         685  0.63138168237361303     
         686  0.63154349377809427     
         687  0.63171080082916875     
         688  0.63188368679735363     
         689  0.63206223439387621     
         690  0.63224652576172324     
         691  0.63243664247131004     
         692  0.63263266551080832     
         693  0.63283467528025050     
         694  0.63304275157777479     
         695  0.63325697359764599     
         696  0.63347741991675366     
         697  0.63370416848931321     
         698  0.63393729664111931     
         699  0.63417688106111214     
         700  0.63442299778915046     
         701  0.63467572221337698     
         702  0.63493512906001148     
         703  0.63520129238768719     
         704  0.63547428558143726     
         705  0.63575418134379591     
         706  0.63604105168375269     
         707  0.63633496791499145     
         708  0.63663600064602022     
         709  0.63694421977486460     
         710  0.63725969447980557     
         711  0.63758249321059812     
         712  0.63791268368793697     
         713  0.63825033289318855     
         714  0.63859550706253809     
         715  0.63894827167770185     
         716  0.63930869146349834     
         717  0.63967683038040790     
         718  0.64005275161342678     
         719  0.64043651756858433     
         720  0.64082818986924073     
         721  0.64122782934873723     
         722  0.64163549604314696     
         723  0.64205124918647882     
         724  0.64247514720538557     
         725  0.64290724770798902     
         726  0.64334760748393993     
         727  0.64379628249654874     
         728  0.64425332787620648     
         729  0.64471879791981346     
         730  0.64519274608098576     
         731  0.64567522496261387     
         732  0.64616628631653905     
         733  0.64666598103394446     
         734  0.64717435914564037     
         735  0.64769146981432280     
         736  0.64821736132877716     
         737  0.64875208109871396     
         738  0.64929567565052815     
         739  0.64984819062671795     
         740  0.65040967077730738     
         741  0.65098015995453373     
         742  0.65155970110890338     
         743  0.65214833628769819     
         744  0.65274610663076005     
         745  0.65335305236029861     
         746  0.65396921278135867     
         747  0.65459462627939813     
         748  0.65522933031197339     
         749  0.65587336140656194     
         750  0.65652675516137993     
         751  0.65718954623595460     
         752  0.65786176835004495     
         753  0.65854345428426686     
         754  0.65923463586983455     
         755  0.65993534399016696     
         756  0.66064560857573307     
         757  0.66136545859974549     
         758  0.66209492207731724     
         759  0.66283402605865771     
         760  0.66358279663325737     
         761  0.66434125892331952     
         762  0.66510943708419479     
         763  0.66588735430045121     
         764  0.66667503277959295     
         765  0.66747249375226347     
         766  0.66827975746970103     
         767  0.66909684320564622     
         768  0.66992376925412134     
         769  0.67076055292314996     
         770  0.67160721053097516     
         771  0.67246375741028197     
         772  0.67333020790928366     
         773  0.67420657538299311     
         774  0.67509287219177128     
         775  0.67598910970782133     
         776  0.67689529830732831     
         777  0.67781144736973364     
         778  0.67873756528194962     
         779  0.67967365942969282     
         780  0.68061973620529426     
         781  0.68157580100056447     
         782  0.68254185820868252     
         783  0.68351791122382166     
         784  0.68450396244081080     
         785  0.68550001325520826     
         786  0.68650606406189874     
         787  0.68752211425617071     
         788  0.68854816223250348     
         789  0.68958420538626197     
         790  0.69063024011346597     
         791  0.69168626181096604     
         792  0.69275226487671393     
         793  0.69382824271061649     
         794  0.69491418771483737     
         795  0.69601009129504621     
         796  0.69711594386132181     
         797  0.69823173482865342     
         798  0.69935745262135529     
         799  0.70049308467355964     
         800  0.70163861741339117     
         801  0.70279403628402548     
         802  0.70395932574218334     
         803  0.70513446925841472     
         804  0.70631944931883572     
         805  0.70751424742597058     
         806  0.70871884410019781     
         807  0.70993321888277072     
         808  0.71115735033796323     
         809  0.71239121605397171     
         810  0.71363479264393126     
         811  0.71488805575100933     
         812  0.71615098004949007     
         813  0.71742353924780389     
         814  0.71870570608992590     
         815  0.71999745235960955     
         816  0.72129874888106849     
         817  0.72260956552608213     
         818  0.72392987121021635     
         819  0.72525963390357207     
         820  0.72659882062763148     
         821  0.72794739746595305     
         822  0.72930532955529748     
         823  0.73067258110450317     
         824  0.73204911538819895     
         825  0.73343489474764589     
         826  0.73482988060628585     
         827  0.73623403346910388     
         828  0.73764731291669650     
         829  0.73906967761724085     
         830  0.74050108533525616     
         831  0.74194149293343592     
         832  0.74339085637153401     
         833  0.74484913071072245     
         834  0.74631627012005830     
         835  0.74779222788606992     
         836  0.74927695641812220     
         837  0.75077040724558619     
         838  0.75227253102536351     
         839  0.75378327754214325     
         840  0.75530259572118441     
         841  0.75683043362706959     
         842  0.75836673847985181     
         843  0.75991145664855531     
         844  0.76146453366763878     
         845  0.76302591423217347     
         846  0.76459554220213244     
         847  0.76617336061897690     
         848  0.76775931169725509     
         849  0.76935333683801777     
         850  0.77095537664169100     
         851  0.77256537090172350     
         852  0.77418325861410653     
         853  0.77580897799447779     
         854  0.77744246647558857     
         855  0.77908366070465929     
         856  0.78073249656443033     
         857  0.78238890917335779     
         858  0.78405283289346683     
         859  0.78572420132513277     
         860  0.78740294733006044     
         861  0.78908900303099783     
         862  0.79078229982585346     
         863  0.79248276837838305     
         864  0.79419033863814692     
         865  0.79590493984246713     
         866  0.79762650053296158     
         867  0.79935494855999845     
         868  0.80109021107537459     
         869  0.80283221455250053     
         870  0.80458088478804646     
         871  0.80633614691282951     
         872  0.80809792541049164     
         873  0.80986614410429336     
         874  0.81164072617034211     
         875  0.81342159415414284     
         876  0.81520866996316999     
         877  0.81700187488625065     
         878  0.81880112960440066     
         879  0.82060635419784567     
         880  0.82241746813948491     
         881  0.82423439032025891     
         882  0.82605703904692429     
         883  0.82788533205293979     
         884  0.82971918649987819     
         885  0.83155851900290523     
         886  0.83340324563439960     
         887  0.83525328192216020     
         888  0.83710854286528247     
         889  0.83896894293634861     
         890  0.84083439610577149     
         891  0.84270481582848822     
         892  0.84458011505479524     
         893  0.84646020625332041     
         894  0.84834500141329394     
         895  0.85023441206252104     
         896  0.85212834926658598     
         897  0.85402672362694132     
         898  0.85592944530299386     
         899  0.85783642403422955     
         900  0.85974756912129557     
         901  0.86166278945121211     
         902  0.86358199349774190     
         903  0.86550508933175441     
         904  0.86743198463408755     
         905  0.86936258671963940     
         906  0.87129680253161623     
         907  0.87323453863951939     
         908  0.87517570127201072     
         909  0.87712019631105154     
         910  0.87906792930480804     
         911  0.88101880547754408     
         912  0.88297272974692853     
         913  0.88492960673161269     
         914  0.88688934073212933     
         915  0.88885183576801707     
         916  0.89081699558583571     
         917  0.89278472366765527     
         918  0.89475492324576777     
         919  0.89672749729457168     
         920  0.89870234856048692     
         921  0.90067937956945010     
         922  0.90265849261219611     
         923  0.90463958977339698     
         924  0.90662257294626414     
         925  0.90860734383370123     
         926  0.91059380396808065     
         927  0.91258185471619513     
         928  0.91457139726406100     
         929  0.91656233265837184     
         930  0.91855456180647743     
         931  0.92054798549259997     
         932  0.92254250435754082     
         933  0.92453801893943577     
         934  0.92653442968936539     
         935  0.92853163696016816     
         936  0.93052954103747365     
         937  0.93252804214160379     
         938  0.93452704041463519     
         939  0.93652643595238316     
         940  0.93852612880246833     
         941  0.94052601900136679     
         942  0.94252600657023466     
         943  0.94452599150038807     
         944  0.94652587378653419     
         945  0.94852555345248979     
         946  0.95052493052037845     
         947  0.95252390506377693     
         948  0.95452237718588395     
         949  0.95652024704253824     
         950  0.95851741485069519     
         951  0.96051378088704309     
         952  0.96250924549001760     
         953  0.96450370910281169     
         954  0.96649707230081272     
         955  0.96848923573891377     
         956  0.97048010020294817     
         957  0.97246956660623141     
         958  0.97445753600676210     
         959  0.97644390961029270     
         960  0.97842858878222694     
         961  0.98041147505770510     
         962  0.98239247014479725     
         963  0.98437147594142038     
         964  0.98634839457434398     
         965  0.98832312834695268     
         966  0.99029557976759452     
         967  0.99226565158351998     
         968  0.99423324678904501     
         969  0.99619826863005212     
         970  0.99816062061960975     
         971   1.0001202065183705     
         972   1.0020769303801522     
         973   1.0040306965324404     
         974   1.0059814095768054     
         975   1.0079289744439617     
         976   1.0098732963867392     
         977   1.0118142809527115     
         978   1.0137518340290572     
         979   1.0156858618449700     
         980   1.0176162710105219     
         981   1.0195429684779067     
         982   1.0214658615924554     
         983   1.0233848580492344     
         984   1.0252998659279500     
         985   1.0272107937274129     
         986   1.0291175503680745     
         987   1.0310200451552338     
         988   1.0329181878590625     
         989   1.0348118886743205     
         990   1.0367010582547587     
         991   1.0385856076800772     
         992   1.0404654484688092     
         993   1.0423404926555917     
         994   1.0442106527304835     
         995   1.0460758416799285     
         996   1.0479359729856876     
         997   1.0497909606329794     
         998   1.0516407190886465     
         999   1.0534851633799920     
