           1  0.25000000000000011     
           2  0.12499999999999956     
           3   6.2500000000000000E-002
           4   3.1250000000000111E-002
           5   1.5625000000000333E-002
           6   7.8125000000008882E-003
           7   3.9062499999995559E-003
           8   1.9531250000000000E-003
           9   9.7656249999966693E-004
          10   4.8828124999966693E-004
          11   2.4414062500000000E-004
          12   1.2207031249933387E-004
          13   6.1035156249222844E-005
          14   3.0517578125000000E-005
          15   1.5258789061167732E-005
          16   7.6293945294736432E-006
          17   3.8146972641817101E-006
          18   1.9073486302589870E-006
          19   9.5367431307558093E-007
          20   4.7683715442836672E-007
          21   2.3841857610396033E-007
          22   1.1920928599806757E-007
          23   5.9604641777788459E-008
          24   2.9802318834981634E-008
          25   1.4901158862379305E-008
          26   7.4505775993216616E-009
          27   3.7252870788151426E-009
          28   1.8626415965172782E-009
          29   9.3131946599100957E-010
          30   4.6565895583938754E-010
          31   2.3282809014091299E-010
          32   1.1641332342549049E-010
          33   5.8204996378208307E-011
          34   2.9101832055289378E-011
          35   1.4548140470083126E-011
          36   7.2714056997824628E-012
          37   3.6330938257833623E-012
          38   1.8137713553301182E-012
          39   9.0538687658181516E-013
          40   4.5086157030027607E-013
          41   2.2304380564719395E-013
          42   1.0846878950587779E-013
          43   5.0959236830294685E-014
          44   2.3869795029440866E-014
          45   9.8809849191638932E-015
          46   2.4424906541753444E-015
          47   8.8817841970012523E-016
          48   2.4424906541753444E-015
          49   3.1086244689504383E-015
          50   4.2188474935755949E-015
          51   4.4408920985006262E-015
          52   4.4408920985006262E-015
          53   5.1070259132757201E-015
          54   5.3290705182007514E-015
          55   5.7731597280508140E-015
          56   6.2172489379008766E-015
          57   7.1054273576010019E-015
          58   6.8833827526759706E-015
          59   6.6613381477509392E-015
          60   7.9936057773011271E-015
          61   8.4376949871511897E-015
          62   9.3258734068513149E-015
          63   9.9920072216264089E-015
          64   1.0658141036401503E-014
          65   1.0880185641326534E-014
          66   1.1990408665951691E-014
          67   1.2434497875801753E-014
          68   1.3766765505351941E-014
          69   1.3988810110276972E-014
          70   1.3766765505351941E-014
          71   1.3988810110276972E-014
          72   1.4654943925052066E-014
          73   1.4876988529977098E-014
          74   1.5765166949677223E-014
          75   1.5543122344752192E-014
          76   1.5765166949677223E-014
          77   1.6209256159527285E-014
          78   1.5765166949677223E-014
          79   1.6653345369377348E-014
          80   1.6875389974302379E-014
          81   1.7097434579227411E-014
          82   1.6875389974302379E-014
          83   1.7763568394002505E-014
          84   1.7541523789077473E-014
          85   1.9095836023552692E-014
          86   1.9539925233402755E-014
          87   2.0650148258027912E-014
          88   2.1316282072803006E-014
          89   2.0428103653102880E-014
          90   2.1538326677728037E-014
          91   2.1760371282653068E-014
          92   2.2204460492503131E-014
          93   2.2204460492503131E-014
          94   2.3092638912203256E-014
          95   2.3536728122053319E-014
          96   2.4202861936828413E-014
          97   2.4202861936828413E-014
          98   2.5313084961453569E-014
          99   2.5313084961453569E-014
         100   2.5757174171303632E-014
