   0.0000000000000000       -1.0000000000000258     
  0.15000000596046448       -1.0034421664302351     
  0.30000001192092896       -1.0146598939202889     
  0.45000001788139343       -1.0351274058517328     
  0.60000002384185791       -1.0664661129762711     
  0.75000000000000000       -1.1108500775962673     
  0.90000003576278687       -1.1722186864698299     
   1.0500000715255737       -1.2668840819854987     
   1.2000000476837158       -1.3844676103561031     
   1.3500000238418579       -1.5189953102059199     
   1.5000000000000000       -1.6505626217189615     
   1.6500000953674316       -1.7858225373327288     
   1.8000000715255737       -1.9237494478186241     
   1.9500000476837158       -2.0636712315972936     
   2.1000001430511475       -2.2051265726987421     
   2.2500000000000000       -2.3477870179446056     
   2.4000000953674316       -2.4914129453604184     
   2.5500001907348633       -2.6358242360501247     
   2.7000000476837158       -2.7808831014414745     
   2.8500001430511475       -2.9264829594462696     
   3.0000000000000000       -3.0725387650711848     
