   0.0000000000000000       -1.0000000000000633     
  0.15000000596046448       -1.0053919334182950     
  0.30000001192092896       -1.0217243572304273     
  0.45000001788139343       -1.0491627493035838     
  0.60000002384185791       -1.0878201395932872     
  0.75000000000000000       -1.1396301638256414     
  0.90000003576278687       -1.2065977039119908     
   1.0500000715255737       -1.2982801012752183     
   1.2000000476837158       -1.4125703247375112     
   1.3500000238418579       -1.5369472968180582     
   1.5000000000000000       -1.6672197991526083     
   1.6500000953674316       -1.8013992315491048     
   1.8000000715255737       -1.9385744637337925     
   1.9500000476837158       -2.0777978271570570     
   2.1000001430511475       -2.2185742891314364     
   2.2500000000000000       -2.3606740994879769     
   2.4000000953674316       -2.5037122145640778     
   2.5500001907348633       -2.6475774675983326     
   2.7000000476837158       -2.7921229409020709     
   2.8500001430511475       -2.9372536635859023     
   3.0000000000000000       -3.0828263590835725     
