   0.0000000000000000      -0.99999999992239541     
  0.15000000596046448       -1.0045565472039131     
  0.30000001192092896       -1.0187143323968864     
  0.45000001788139343       -1.0433418598451343     
  0.60000002384185791       -1.0795914638765105     
  0.75000000000000000       -1.1292129289780435     
  0.90000003576278687       -1.1951980364747343     
   1.0500000715255737       -1.2873730988655507     
   1.2000000476837158       -1.4030275187937642     
   1.3500000238418579       -1.5293935633876787     
   1.5000000000000000       -1.6598392844923839     
   1.6500000953674316       -1.7943997778624841     
   1.8000000715255737       -1.9331177945412297     
   1.9500000476837158       -2.0723834267760819     
   2.1000001430511475       -2.2140550142506958     
   2.2500000000000000       -2.3561924238652545     
   2.4000000953674316       -2.4993544232766358     
   2.5500001907348633       -2.6433509767597667     
   2.7000000476837158       -2.7880366422497964     
   2.8500001430511475       -2.9332987764338014     
   3.0000000000000000       -3.0790474438267954     
