   0.0000000000000000      -0.99999999994178312     
  0.15000000596046448       -1.0051331692186287     
  0.30000001192092896       -1.0207744862846908     
  0.45000001788139343       -1.0474080000442836     
  0.60000002384185791       -1.0855215672384173     
  0.75000000000000000       -1.1357529384928668     
  0.90000003576278687       -1.2026156828144610     
   1.0500000715255737       -1.2941808323467063     
   1.2000000476837158       -1.4093939287434230     
   1.3500000238418579       -1.5336490792455948     
   1.5000000000000000       -1.6646090925245545     
   1.6500000953674316       -1.7992418638368670     
   1.8000000715255737       -1.9363305506933306     
   1.9500000476837158       -2.0760079930216349     
   2.1000001430511475       -2.2167809529302169     
   2.2500000000000000       -2.3590520460016378     
   2.4000000953674316       -2.5022821171126828     
   2.5500001907348633       -2.6462707515593600     
   2.7000000476837158       -2.7909061619758901     
   2.8500001430511475       -2.9360341294915409     
   3.0000000000000000       -3.0817003896949213     
