         100   2.7399999999999994E-004
         103   3.3200000000000070E-004
         107   4.5800000000000007E-004
         111   3.9100000000000072E-004
         115   4.5599999999999981E-004
         120   4.3999999999999942E-004
         124   4.8799999999999885E-004
         129   5.2300000000000089E-004
         133   4.9399999999999965E-004
         138   5.6799999999999906E-004
         144   6.0800000000000090E-004
         149   7.1799999999999989E-004
         154   1.7319999999999992E-003
         160   8.3399999999999967E-004
         166   8.0999999999999822E-004
         172   1.1749999999999990E-003
         179   1.1319999999999976E-003
         185   1.2340000000000025E-003
         192   1.1099999999999999E-003
         200   1.5720000000000005E-003
