         100   1.1429999999999999E-003
         103   1.4919999999999994E-003
         107   1.1939999999999997E-003
         111   1.3229999999999995E-003
         115   2.8289999999999999E-003
         120   1.8379999999999998E-003
         124   1.8630000000000001E-003
         129   2.0889999999999997E-003
         133   2.2649999999999997E-003
         138   2.6030000000000003E-003
         144   3.2309999999999995E-003
         149   3.4169999999999999E-003
         154   3.9209999999999991E-003
         160   5.0639999999999991E-003
         166   8.1679999999999982E-003
         172   5.2759999999999994E-003
         179   7.0200000000000002E-003
         185   8.6059999999999991E-003
         192   1.0315000000000000E-002
         200   9.4920000000000004E-003
