           1   2.0000000000002655E-006
         103   9.4500000000000053E-004
         205   5.2880000000000010E-003
         307   1.8343999999999999E-002
         409   4.2467000000000005E-002
         511   8.5809999999999997E-002
         613  0.24037799999999998     
         715  0.29321299999999995     
         817  0.43810900000000008     
         919  0.62862899999999988     
        1021  0.87614799999999993     
        1123   1.1571760000000000     
        1225   1.4762240000000002     
        1327   1.8950490000000002     
        1429   2.3653429999999993     
        1531   2.9094149999999992     
        1633   3.5077239999999996     
        1735   4.2178129999999996     
        1837   4.9916049999999998     
        1939   5.8875849999999978     
        2041   7.0300440000000002     
        2143   7.9295740000000023     
        2245   9.5674459999999968     
        2347   10.927486000000002     
        2449   12.045839000000001     
        2551   15.206163000000004     
        2653   16.244130000000013     
        2755   17.391490000000005     
        2857   19.901257999999999     
        2959   23.410658999999995     
        3061   23.852505000000008     
        3163   26.791347000000002     
        3265   27.936395000000005     
        3367   30.644723999999997     
        3469   33.359861999999993     
        3571   36.481050999999979     
        3673   39.631541999999968     
        3775   43.237504999999999     
        3877   46.901464000000033     
        3979   50.222726000000023     
        4081   54.256174000000044     
        4183   58.142241000000013     
        4285   62.866601000000060     
        4387   67.244394000000000     
        4489   71.957452999999987     
        4591   77.226996999999983     
        4693   82.537418000000002     
        4795   88.336216000000036     
        4897   97.584983000000079     
        5000   104.10476699999992     
