   485.99274880282763     
   1967.6807076585296     
   4424.5595733739574     
   7864.6943476686583     
   12287.953775414800     
   17694.201500080781     
   24083.342917844311     
   31455.295810065611     
   39809.977841468623     
   49147.301484936288     
   59467.171810948974     
   70769.485449114494     
   83054.130065412392     
   96320.984084193784     
   110569.91653238820     
   125800.78694891464     
   142013.44533005037     
   159207.73209578893     
   177383.47806856211     
   196540.50446012177     
   216678.62286260093     
   237797.63524377052     
   259897.33394363784     
   282977.50167292095     
   307037.91151274921     
   332078.32691485854     
   358098.50170250842     
   385098.18007182825     
   413077.09659342025     
   442034.97621444508     
   471971.53426068171     
   502886.47643903678     
   534779.49884015764     
   567650.28794104012     
   601498.52060813073     
   636323.86410001328     
   672125.97607082257     
   708904.50457351003     
   746659.08806295064     
   785389.35539958742     
   825094.92585324519     
   865775.40910631488     
   907430.40525802749     
   950059.50482809695     
   993662.28876081365     
   1038238.3284290700     
   1083787.1856384506     
   1130308.4126318779     
   1177801.5520935969     
   1226266.1371538995     
   1275701.6913935898     
   1326107.7288487053     
   1377483.7540154119     
   1429829.2618545187     
   1483143.7377967271     
   1537426.6577476442     
   1592677.4880928623     
   1648895.6857032925     
   1706080.6979403761     
   1764231.9626615001     
   1823348.9082256353     
   1883430.9534990299     
   1944477.5078606687     
   2006487.9712081803     
   2069461.7339639561     
   2133398.1770807290     
   2198296.6720479270     
   2264156.5808978998     
   2330977.2562119467     
   2398758.0411270023     
   2467498.2693416742     
   2537197.2651232327     
   2607854.3433138742     
   2679468.8093377324     
   2752039.9592077006     
   2825567.0795319560     
   2900049.4475215711     
   2975486.3309971197     
   3051876.9883961845     
   3129220.6687804284     
   3207516.6118431590     
   3286764.0479167532     
   3366962.1979800723     
   3448110.2736663525     
   3530207.4772707550     
   3613253.0017583137     
   3697246.0307719302     
   3782185.7386402069     
   3868071.2903856579     
   3954901.8417330524     
   4042676.5391175644     
   4131394.5196930971     
   4221054.9113409882     
   4311656.8326783162     
   4403199.3930668263     
   4495681.6926214676     
   4589102.8222193625     
   4683461.8635086985     
   4778757.8889178308     
   4874989.9616643107     
   4972157.1357641788     
   5070258.4560411200     
   5169292.9581358805     
   5269259.6685160305     
   5370157.6044850796     
   5471985.7741925772     
   5574743.1766435513     
   5678428.8017084040     
   5783041.6301329974     
   5888580.6335484535     
   5995044.7744814781     
   6102433.0063644229     
   6210744.2735456424     
   6319977.5112996483     
   6430131.6458381312     
   6541205.5943197822     
   6653198.2648614990     
   6766108.5565488916     
   6879935.3594471077     
   6994677.5546117425     
   7110334.0141001157     
   7226903.6009816853     
   7344385.1693499824     
   7462777.5643335488     
   7582079.6221070765     
   7702290.1699031573     
   7823408.0260237195     
   7945431.9998517539     
   8068360.8918625880     
   8192193.4936364088     
   8316928.5878693992     
   8442564.9483861011     
   8569101.3401514012     
   8696536.5192827862     
   8824869.2330623474     
   8954098.2199491505     
   9084222.2095917873     
   9215239.9228406996     
   9347150.0717609208     
   9479951.3596443944     
   9613642.4810231775     
   9748222.1216819659     
   9883688.9586711824     
   10020041.660319747     
   10157278.886248514     
   10295399.287383087     
   10434401.505967317     
   10574284.175576530     
   10715045.921131209     
   10856685.358910047     
   10999201.096563948     
   11142591.733129585     
   11286855.859043159     
   11431992.056154246     
   11577998.897739718     
   11724874.948517915     
   11872618.764662622     
   12021228.893817199     
   12170703.875108955     
   12321042.239163607     
   12472242.508119483     
   12624303.195642224     
   12777222.806939472     
   12930999.838775272     
   13085632.779485170     
   13241120.108990805     
   13397460.298815025     
   13554651.812096866     
   13712693.103606628     
   13871582.619761141     
   14031318.798638966     
   14191900.069995685     
   14353324.855279591     
   14515591.567646874     
   14678698.611977460     
   14842644.384890592     
   15007427.274760595     
   15173045.661732839     
   15339497.917739466     
   15506782.406515390     
   15674897.483614715     
   15843841.496426456     
   16013612.784191296     
   16184209.678017152     
   16355630.500896461     
   16527873.567721978     
   16700937.185303729     
   16874819.652385432     
   17049519.259661414     
   17225034.289793365     
   17401363.017427150     
   17578503.709209543     
   17756454.623805910     
   17935214.011916753     
   18114780.116295032     
   18295151.171763521     
   18476325.405232195     
   18658301.035715535     
   18841076.274350297     
   19024649.324412603     
   19209018.381336022     
   19394181.632729255     
   19580137.258393846     
   19766883.430342104     
   19954418.312815007     
   20142740.062300406     
   20331846.827551097     
   20521736.749602906     
   20712407.961793058     
   20903858.589778591     
   21096086.751554590     
   21289090.557472911     
   21482868.110260509     
   21677417.505038343     
   21872736.829339854     
   22068824.163130034     
   22265677.578824114     
   22463295.141306616     
   22661674.907950100     
   22860814.928634804     
   23060713.245767146     
   23261367.894299630     
   23462776.901749663     
   23664938.288219031     
   23867850.066413727     
   24071510.241662990     
   24275916.811939288     
   24481067.767877761     
   24686961.092796043     
   24893594.762714215     
   25100966.746374540     
   25309075.005261391     
   25517917.493621398     
   25727492.158483729     
   25937796.939680003     
   26148829.769864395     
   26360588.574534565     
   26573071.272051394     
   26786275.773659721     
   27000199.983509023     
   27214841.798673902     
   27430199.109174594     
   27646269.797997911     
   27863051.741117951     
   28080542.807517081     
   28298740.859206747     
   28517643.751248475     
   28737249.331775330     
   28957555.442012597     
   29178559.916299205     
   29400260.582109019     
   29622655.260072108     
   29845741.763996288     
   30069517.900888592     
   30293981.470976733     
   30519130.267730959     
   30744962.077885300     
   30971474.681459785     
   31198665.851782110     
   31426533.355509385     
   31655074.952650309     
   31884288.396587040     
   32114171.434097234     
   32344721.805376425     
   32575937.244060040     
   32807815.477245759     
   33040354.225515746     
   33273551.202959277     
   33507404.117194962     
   33741910.669393614     
   33977068.554300286     
   34212875.460257575     
   34449329.069227830     
   34686427.056816280     
   34924167.092293777     
   35162546.838619620     
   35401563.952464722     
   35641216.084234238     
   35881500.878091417     
   36122415.971979775     
   36363958.997647218     
   36606127.580668740     
   36848919.340470016     
   37092331.890350685     
   37336362.837508000     
   37581009.783060029     
   37826270.322069652     
   38072142.043567859     
   38318622.530577689     
   38565709.360137515     
   38813400.103325717     
   39061692.325283721     
   39310583.585240357     
   39560071.436535850     
   39810153.426645644     
   40060827.097204790     
   40312089.984032035     
   40563939.617153764     
   40816373.520828582     
   41069389.213571757     
   41322984.208179310     
   41577156.011752434     
   41831902.125722483     
   42087220.045874871     
   42343107.262374319     
   42599561.259788990     
   42856579.517115600     
   43114159.507803991     
   43372298.699782014     
   43630994.555480465     
   43890244.531858131     
   44150046.080426529     
   44410396.647275023     
   44671293.673096091     
   44932734.593210451     
   45194716.837592050     
   45457237.830893643     
   45720294.992471911     
   45983885.736412883     
   46248007.471557289     
   46512657.601526082     
   46777833.524746045     
   47043532.634475350     
   47309752.318828993     
   47576489.960804455     
   47843742.938308060     
   48111508.624179631     
   48379784.386219501     
   48648567.587213516     
   48917855.584959276     
   49187645.732292593     
   49457935.377112098     
   49728721.862407155     
   50000002.526282467     
   50271774.701985113     
   50544035.717930496     
   50816782.897728510     
   51090013.560210049     
   51363725.019453250     
   51637914.584809981     
   51912579.560931891     
   52187717.247797385     
   52463324.940738104     
   52739399.930465408     
   53015939.503097042     
   53292940.940183617     
   53570401.518735692     
   53848318.511250280     
   54126689.185737684     
   54405510.805748545     
   54684780.630400419     
   54964495.914405122     
   55244653.908095308     
   55525251.857451677     
   55806287.004130393     
   56087756.585489377     
   56369657.834616520     
   56651987.980355389     
   56934744.247334838     
   57217923.855993576     
   57501524.022609197     
   57785541.959325045     
   58069974.874177791     
   58354819.971124820     
   58640074.450071700     
   58925735.506899431     
   59211800.333492458     
   59498266.117766090     
   59785130.043693706     
   60072389.291335404     
   60360041.036865026     
   60648082.452598020     
   60936510.707019269     
   61225322.964810722     
   61514516.386880100     
   61804088.130387492     
   62094035.348774366     
   62384355.191791303     
   62675044.805525430     
   62966101.332429543     
   63257521.911349028     
   63549303.677550860     
   63841443.762751572     
   64133939.295144968     
   64426787.399430893     
   64719985.196843453     
   65013529.805179141     
   65307418.338825025     
   65601647.908787496     
   65896215.622720607     
   66191118.584954016     
   66486353.896521911     
   66781918.655191690     
   67077809.955491841     
   67374024.888741136     
   67670560.543076873     
   67967414.003483504     
   68264582.351821452     
   68562062.666855693     
   68859852.024284631     
   69157947.496768415     
   69456346.153958395     
   69755045.062525034     
   70054041.286187887     
   70353331.885743231     
   70652913.919093922     
   70952784.441277891     
   71252940.504497230     
   71553379.158146605     
   71854097.448843509     
   72155092.420456111     
   72456361.114132494     
   72757900.568330646     
   73059707.818846345     
   73361779.898843125     
   73664113.838881239     
   73966706.666946456     
   74269555.408480048     
   74572657.086407334     
   74876008.721167356     
   75179607.330741748     
   75483449.930684701     
   75787533.534151599     
   76091855.151928917     
   76396411.792463228     
   76701200.461891085     
   77006218.164067656     
   77311461.900597021     
   77616928.670861363     
   77922615.472049981     
   78228519.299189508     
   78534637.145173296     
   78840966.000790432     
   79147502.854756206     
   79454244.693740666     
   79761188.502399310     
   80068331.263402224     
   80375669.957463130     
   80683201.563370466     
   80990923.058015823     
   81298831.416424438     
   81606923.611784160     
   81915196.615476146     
   82223647.397104099     
   82532272.924523875     
   82841070.163873747     
   83150036.079604030     
   83459167.634506628     
   83768461.789745629     
   84077915.504886448     
   84387525.737925798     
   84697289.445322201     
   85007203.582025215     
   85317265.101505816     
   85627470.955785945     
   85937818.095468953     
   86248303.469769031     
   86558924.026541874     
   86869676.712313950     
   87180558.472313032     
   87491566.250498027     
   87802696.989589140     
   88113947.631097540     
   88425315.115356281     
   88736796.381549239     
   89048388.367742091     
   89360088.010912254     
   89671892.246978208     
   89983798.010831267     
   90295802.236363769     
   90607901.856500566     
   90920093.803228959     
   91232375.007628202     
   91544742.399900347     
   91857192.909400284     
   92169723.464665607     
   92482330.993447393     
   92795012.422739729     
   93107764.678810269     
   93420584.687230721     
   93733469.372906387     
   94046415.660107017     
   94359420.472496644     
   94672480.733164266     
   94985593.364653409     
   95298755.288993195     
   95611963.427727908     
   95925214.701947540     
   96238506.032318130     
   96551834.339112028     
   96865196.542238086     
   97178589.561271548     
   97492010.315485448     
   97805455.723879620     
   98118922.705211699     
   98432408.178027183     
   98745909.060690090     
   99059422.271412715     
   99372944.728285894     
   99686473.349310175     
   100000005.05242515     
   100313536.75554004     
   100627065.37656434     
   100940587.83343758     
   101254101.04416008     
   101567601.92682302     
   101881087.39963865     
   102194554.38097072     
   102507999.78936481     
   102821420.54357862     
   103134813.56261221     
   103448175.76573820     
   103761504.07253212     
   104074795.40290280     
   104388046.67712240     
   104701254.81585704     
   105014416.74019681     
   105327529.37168597     
   105640589.63235363     
   105953594.44474332     
   106266540.73194383     
   106579425.41761959     
   106892245.42603992     
   107204997.68211053     
   107517679.11140290     
   107830286.64018452     
   108142817.19545001     
   108455267.70494992     
   108767635.09722210     
   109079916.30162132     
   109392108.24834962     
   109704207.86848645     
   110016212.09401901     
   110328117.85787199     
   110639922.09393810     
   110951621.73710823     
   111263213.72330101     
   111574694.98949409     
   111886062.47375269     
   112197313.11526120     
   112508443.85435230     
   112819451.63253728     
   113130333.39253637     
   113441086.07830852     
   113751706.63508128     
   114062192.00938135     
   114372539.14906439     
   114682745.00334451     
   114992806.52282509     
   115302720.65952818     
   115612484.36692455     
   115922094.59996396     
   116231548.31510462     
   116540842.47034363     
   116849974.02524632     
   117158939.94097653     
   117467737.18032637     
   117776362.70774618     
   118084813.48937406     
   118393086.49306615     
   118701178.68842596     
   119009087.04683448     
   119316808.54147984     
   119624340.14738721     
   119931678.84144826     
   120238821.60245100     
   120545765.41110967     
   120852507.25009422     
   121159044.10405990     
   121465372.95967704     
   121771490.80566081     
   122077394.63280039     
   122383081.43398896     
   122688548.20425323     
   122993791.94078276     
   123298809.64295931     
   123603598.31238714     
   123908154.95292147     
   124212476.57069884     
   124516560.17416576     
   124820402.77410863     
   125124001.38368304     
   125427353.01844300     
   125730454.69637024     
   126033303.43790388     
   126335896.26596914     
   126638230.20600718     
   126940302.28600405     
   127242109.53651968     
   127543648.99071781     
   127844917.68439424     
   128145912.65600684     
   128446630.94670361     
   128747069.60035326     
   129047225.66357237     
   129347096.18575631     
   129646678.21910708     
   129945968.81866251     
   130244965.04232529     
   130543663.95089209     
   130842062.60808189     
   131140158.08056575     
   131437947.43799454     
   131735427.75302894     
   132032596.10136686     
   132329449.56177345     
   132625985.21610917     
   132922200.14935854     
   133218091.44965872     
   133513656.20832844     
   133808891.51989645     
   134103794.48212978     
   134398362.19606271     
   134692591.76602545     
   134986480.29967114     
   135280024.90800697     
   135573222.70541948     
   135866070.80970556     
   136158566.34209877     
   136450706.42729935     
   136742488.19350129     
   137033908.77242059     
   137324965.29932493     
   137615654.91305909     
   137905974.75607589     
   138195921.97446272     
   138485493.71797034     
   138774687.14003959     
   139063499.39783108     
   139351927.65225247     
   139639969.06798530     
   139927620.81351501     
   140214880.06115672     
   140501743.98708442     
   140788209.77135780     
   141074274.59795097     
   141359935.65477857     
   141645190.13372549     
   141930035.23067245     
   142214468.14552537     
   142498486.08224139     
   142782086.24885678     
   143065265.85751542     
   143348022.12449470     
   143630352.27023402     
   143912253.51936084     
   144193723.10071996     
   144474758.24739870     
   144755356.19675511     
   145035514.19044513     
   145315229.47444993     
   145594499.29910183     
   145873320.91911256     
   146151691.59359995     
   146429608.58611456     
   146707069.16466665     
   146984070.60175315     
   147260610.17438501     
   147536685.16411206     
   147812292.85705292     
   148087430.54391852     
   148362095.52004012     
   148636285.08539683     
   148909996.54464030     
   149183227.20712185     
   149455974.38691986     
   149728235.40286535     
   150000007.57856804     
   150271288.24244338     
   150542074.72773826     
   150812364.37255776     
   151082154.51989090     
   151351442.51763684     
   151620225.71863079     
   151888501.48067060     
   152156267.16654220     
   152423520.14404589     
   152690257.78602108     
   152956477.47037506     
   153222176.58010417     
   153487352.50332418     
   153752002.63329303     
   154016124.36843747     
   154279715.11237848     
   154542772.27395675     
   154805293.26725823     
   155067275.51163995     
   155328716.43175429     
   155589613.45757550     
   155849964.02442378     
   156109765.57299227     
   156369015.54936978     
   156627711.40506840     
   156885850.59704629     
   157143430.58773482     
   157400448.84506133     
   157656902.84247613     
   157912790.05897534     
   158168107.97912791     
   158422854.09309784     
   158677025.89667112     
   158930620.89127848     
   159183636.58402178     
   159436070.48769683     
   159687920.12081832     
   159939183.00764540     
   160189856.67820477     
   160439938.66831452     
   160689426.51961002     
   160938317.77956656     
   161186610.00152451     
   161434300.74471274     
   161681387.57427263     
   161927868.06128243     
   162173739.78278059     
   162419000.32179025     
   162663647.26734242     
   162907678.21449962     
   163151090.76438034     
   163393882.52418157     
   163636051.10720304     
   163877594.13287050     
   164118509.22675896     
   164358794.02061594     
   164598446.15238562     
   164837463.26623076     
   165075843.01255661     
   165313583.04803422     
   165550681.03562242     
   165787134.64459288     
   166022941.55055001     
   166258099.43545669     
   166492605.98765537     
   166726458.90189102     
   166959655.87933454     
   167192194.62760463     
   167424072.86079028     
   167655288.29947382     
   167885838.67075312     
   168115721.70826337     
   168344935.15219992     
   168573476.74934110     
   168801344.25306824     
   169028535.42339039     
   169255048.02696517     
   169480879.83711937     
   169706028.63387367     
   169930492.20396170     
   170154268.34085405     
   170377354.84477830     
   170599749.52274129     
   170821450.18855104     
   171042454.66283759     
   171262760.77307492     
   171482366.35360193     
   171701269.24564371     
   171919467.29733330     
   172136958.36373246     
   172353740.30685246     
   172569810.99567586     
   172785168.30617630     
   172999810.12134135     
   173213734.33119050     
   173426938.83279905     
   173639421.53031579     
   173851180.33498591     
   174062213.16517028     
   174272517.94636670     
   174482092.61122882     
   174690935.09958917     
   174899043.35847589     
   175106415.34213609     
   175313049.01205432     
   175518942.33697256     
   175724093.29291096     
   175928499.86318743     
   176132160.03843668     
   176335071.81663132     
   176537233.20310074     
   176738642.21055064     
   176939296.85908318     
   177139195.17621556     
   177338335.19690010     
   177536714.96354377     
   177734332.52602616     
   177931185.94172037     
   178127273.27551040     
   178322592.59981206     
   178517141.99458992     
   178710919.54737732     
   178903923.35329571     
   179096151.51507169     
   179287602.14305717     
   179478273.35524756     
   179668163.27729908     
   179857270.04254994     
   180045591.79203531     
   180233126.67450833     
   180419872.84645647     
   180605828.47212088     
   180790991.72351417     
   180975360.78043783     
   181158933.83050001     
   181341709.06913483     
   181523684.69961813     
   181704858.93308684     
   181885229.98855528     
   182064796.09293357     
   182243555.48104438     
   182421506.39564070     
   182598647.08742326     
   182774975.81505698     
   182950490.84518898     
   183125190.45246500     
   183299072.91954663     
   183472136.53712854     
   183644379.60395381     
   183815800.42683309     
   183986397.32065913     
   184156168.60842395     
   184325112.62123552     
   184493227.69833496     
   184660512.18711105     
   184826964.44311750     
   184992582.83008981     
   185157365.71995968     
   185321311.49287277     
   185484418.53720346     
   185646685.24957079     
   185808110.03485450     
   185968691.30621135     
   186128427.48508918     
   186287317.00124359     
   186445358.29275355     
   186602549.80603531     
   186758889.99585941     
   186914377.32536533     
   187069010.26607510     
   187222787.29791090     
   187375706.90920800     
   187527767.59673107     
   187678967.86568666     
   187829306.22974145     
   187978781.21103311     
   188127391.34018770     
   188275135.15633249     
   188422011.20711049     
   188568018.04869604     
   188713154.24580720     
   188857418.37172076     
   189000809.00828645     
   189143324.74594033     
   189284964.18371919     
   189425725.92927378     
   189565608.59888315     
   189704610.81746733     
   189842731.21860182     
   189979968.44453070     
   190116321.14617920     
   190251787.98316836     
   190386367.62382722     
   190520058.74520600     
   190652860.03308943     
   190784770.18200955     
   190915787.89525858     
   191045911.88490123     
   191175140.87178800     
   191303473.58556756     
   191430908.76469901     
   191557445.15646416     
   191683081.51698110     
   191807816.61121386     
   191931649.21298769     
   192054578.10499859     
   192176602.07882673     
   192297719.93494710     
   192417930.48274329     
   192537232.54051676     
   192655624.93550029     
   192773106.50386864     
   192889676.09075025     
   193005332.55023864     
   193120074.74540329     
   193233901.54830149     
   193346811.83998880     
   193458804.51053056     
   193569878.45901221     
   193680032.59355080     
   193789265.83130467     
   193897577.09848592     
   194004965.33036882     
   194111429.47130194     
   194216968.47471744     
   194321581.30314177     
   194425266.92820683     
   194528024.33065769     
   194629852.50036514     
   194730750.43633437     
   194830717.14671442     
   194929751.64880922     
   195027852.96908614     
   195125020.14318603     
   195221252.21593255     
   195316548.24134174     
   195410907.28263104     
   195504328.41222888     
   195596810.71178344     
   195688353.27217194     
   195778955.19350940     
   195868615.58515716     
   195957333.56573278     
   196045108.26311731     
   196131938.81446472     
   196217824.36621016     
   196302764.07407838     
   196386757.10309216     
   196469802.62757954     
   196551899.83118403     
   196633047.90687019     
   196713246.05693358     
   196792493.49300730     
   196870789.43607000     
   196948133.11645418     
   197024523.77385333     
   197099960.65732872     
   197174443.02531853     
   197247970.14564270     
   197320541.29551262     
   197392155.76153654     
   197462812.83972722     
   197532511.83550861     
   197601252.06372330     
   197669032.84863839     
   197735853.52395245     
   197801713.43280238     
   197866611.92776954     
   197930548.37088633     
   197993522.13364208     
   198055532.59698969     
   198116579.15135130     
   198176661.19662473     
   198235778.14218888     
   198293929.40690994     
   198351114.41914696     
   198407332.61675742     
   198462583.44710264     
   198516866.36705354     
   198570180.84299591     
   198622526.35083491     
   198673902.37600151     
   198724308.41345674     
   198773743.96769640     
   198822208.55275670     
   198869701.69221839     
   198916222.91921192     
   198961771.77642119     
   199006347.81608942     
   199049950.60002220     
   199092579.69959226     
   199134234.69574413     
   199174915.17899707     
   199214620.74945071     
   199253351.01678741     
   199291105.60027677     
   199327884.12877935     
   199363686.24075028     
   199398511.58424225     
   199432359.81690919     
   199465230.60601014     
   199497123.62841123     
   199528038.57058972     
   199557975.12863582     
   199586933.00825682     
   199614911.92477843     
   199641911.60314786     
   199667931.77793542     
   199692972.19333756     
   199717032.60317740     
   199740112.77090666     
   199762212.46960658     
   199783331.48198774     
   199803469.60039020     
   199822626.62678173     
   199840802.37275454     
   199857996.65952024     
   199874209.31790131     
   199889440.18831789     
   199903689.12076622     
   199916955.97478497     
   199929240.61940125     
   199940542.93303931     
   199950862.80336538     
   199960200.12700891     
   199968554.80904037     
   199975926.76193249     
   199982315.90335017     
   199987722.15107486     
   199992145.41050261     
   199995585.54527685     
   199998042.42414269     
   199999524.11210150     
