   25.000599311656437     
   75.015020944843897     
   125.15683426237746     
   175.95534466111292     
   228.86125919990110     
   286.29245522638251     
   350.77713570190122     
   424.04001454300408     
   506.89234766068239     
   599.61163125289988     
   702.26148204666379     
   814.83883939412158     
   937.32512762851673     
   1069.7012619285163     
   1211.9511474978240     
   1364.0618891098472     
   1526.0232211053444     
   1697.8268729958145     
   1879.4660437585148     
   2070.9350021565037     
   2272.2287918664574     
   2483.3430157690568     
   2704.2736779688998     
   2935.0170674341280     
   3175.5696716188577     
   3425.9281117683122     
   3686.0890940272707     
   3956.0493721508119     
   4235.8057188148678     
   4525.3549033547015     
   4824.6936743493079     
   5133.8187458957700     
   5452.7267867082137     
   5781.4144114068304     
   6119.8781735049615     
   6468.1145597350642     
   6826.1199854283568     
   7193.8907907336161     
   7571.4232375070060     
   7958.7135067415820     
   8355.7576964356849     
   8762.5518198146037     
   9179.0918038462951     
   9605.3734879938238     
   10041.392623166703     
   10487.144870836692     
   10942.625802289189     
   11407.830897990181     
   11882.755547049672     
   12367.395046763249     
   12861.744602227602     
   13365.799326010774     
   13879.554237872027     
   14403.004264527970     
   14936.144239451383     
   15478.968902704679     
   16031.472900799539     
   16593.650786579776     
   17165.497019126695     
   17747.005963681295     
   18338.171891582409     
   18938.988980219139     
   19549.451312996072     
   20169.552879308547     
   20799.287574528167     
   21438.649199997169     
   22087.631463029538     
   22746.227976920592     
   23414.432260961621     
   24092.237740460190     
   24779.637746767734     
   25476.625517306729     
   26183.194195609056     
   26899.336831352342     
   27625.046380402924     
   28360.315704860845     
   29105.137573110384     
   29859.504659868042     
   30623.409546240178     
   31396.844719777186     
   32179.802574533122     
   32972.275411127557     
   33774.255436807267     
   34585.734765512680     
   35406.705417943158     
   36237.159321628147     
   37077.088310994739     
   37926.484127442862     
   38785.338419415166     
   39653.642742475822     
   40531.388559384504     
   41418.567240175471     
   42315.170062236539     
   43221.188210389337     
   44136.612776972404     
   45061.434761923185     
   45995.645072862506     
   46939.234525180640     
   47892.193842124325     
   48854.513654883231     
   49826.184502680830     
   50807.196832863599     
   51797.541000991878     
   52797.207270933017     
   53806.185814954217     
   54824.466713817637     
   55852.039956874825     
   56888.895442164059     
   57935.022976507833     
   58990.412275610681     
   60055.052964160001     
   61128.934575925530     
   62212.046553860600     
   63304.378250206057     
   64405.918926592189     
   65516.657754144224     
   66636.583813587145     
   67765.686095352139     
   68903.953499683994     
   70051.374836749645     
   71207.938826745783     
   72373.634100011084     
   73548.449197136157     
   74732.372569075189     
   75925.392577259758     
   77127.497493711300     
   78338.675501157093     
   79558.914693144805     
   80788.203074160847     
   82026.528559744285     
   83273.878976609107     
   84530.242062761070     
   85795.605467618312     
   87069.956752132392     
   88353.283388910393     
   89645.572762337251     
   90946.812168700577     
   92256.988816313242     
   93576.089825640447     
   94904.102229425116     
   96241.012972816810     
   97586.808913496541     
   98941.476821809047     
   100305.00338088995     
   101677.37518679869     
   103058.57874864864     
   104448.60048874046     
   105847.42674269310     
   107255.04375958198     
   108671.43770206950     
   110096.59464654475     
   111530.50058325747     
   112973.14141645707     
   114424.50296453046     
   115884.57096014130     
   117353.33105037088     
   118830.76879685791     
   120316.86967594101     
   121811.61907880160     
   123315.00231160641     
   124827.00459565299     
   126347.61106751427     
   127876.80677918467     
   129414.57669822678     
   130960.90570791882     
   132515.77860740421     
   134079.18011183990     
   135651.09485254696     
   137231.50737716112     
   138820.40214978551     
   140417.76355114221     
   142023.57587872643     
   143637.82334696106     
   145260.49008735054     
   146891.56014863853     
   148531.01749696356     
   150178.84601601551     
   151835.02950719680     
   153499.55168977930     
   155172.39620106563     
   156853.54659654803     
   158542.98635007336     
   160240.69885400089     
   161946.66741937044     
   163660.87527606299     
   165383.30557296652     
   167113.94137814135     
   168852.76567898763     
   170599.76138241155     
   172354.91131499247     
   174118.19822315488     
   175889.60477333362     
   177669.11355214784     
   179456.70706657050     
   181252.36774410121     
   183056.07793293623     
   184867.81990214621     
   186687.57584184824     
   188515.32786337956     
   190351.05799947641     
   192194.74820444750     
   194046.38035435465     
   195905.93624718708     
   197773.39760304411     
   199648.74606431299     
   201531.96319584880     
   203423.03048515643     
   205321.92934257330     
   207228.64110145066     
   209143.14701833663     
   211065.42827316443     
   212995.46596943174     
   214933.24113438916     
   216878.73471922876     
   218831.92759926658     
   220792.80057413579     
   222761.33436797067     
   224737.50962960056     
   226721.30693273523     
   228712.70677616078     
   230711.68958392725     
   232718.23570554392     
   234732.32541617021     
   236753.93891681245     
   238783.05633451461     
   240819.65772255731     
   242863.72306065093     
   244915.23225513526     
   246974.16513917554     
   249040.50147295892     
   251114.22094389683     
   253195.30316682311     
   255283.72768419370     
   257379.47396628797     
   259482.52141141158     
   261592.84934609837     
   263710.43702531356     
   265835.26363265753     
   267967.30828056898     
   270106.55001053482     
   272252.96779329114     
   274406.54052903259     
   276567.24704761867     
   278735.06610878347     
   280909.97640234226     
   283091.95654840232     
   285280.98509757291     
   287477.04053117614     
   289680.10126145877     
   291890.14563180256     
   294107.15191694064     
   296331.09832316730     
   298561.96298855508     
   300799.72398316866     
   303044.35930927913     
   305295.84690158354     
   307554.16462741699     
   309819.29028697510     
   312091.20161352959     
   314369.87627364736     
   316655.29186740972     
   318947.42592863471     
   321246.25592509453     
   323551.75925874035     
   325863.91326592246     
   328182.69521761383     
   330508.08231963275     
   332840.05171286775     
   335178.58047350292     
   337523.64561323996     
   339875.22407952975     
   342233.29275579337     
   344597.82846165216     
   346968.80795315566     
   349346.20792300958     
   351730.00500080455     
   354120.17575324647     
   356516.69668438664     
   358919.54423585261     
   361328.69478707924     
   363744.12465554284     
   366165.81009699224     
   368593.72730568104     
   371027.85241460521     
   373468.16149573500     
   375914.63056025159     
   378367.23555877979     
   380825.95238162938     
   383290.75685902790     
   385761.62476136140     
   388238.53179940901     
   390721.45362458657     
   393210.36582918069     
   395705.24394659209     
   398206.06345157675     
   400712.79976048210     
   403225.42823149578     
   405743.92416488141     
   408268.26280322525     
   410798.41933167900     
   413334.36887820199     
   415876.08651380829     
   418423.54725280806     
   420976.72605305805     
   423535.59781620384     
   426100.13738792791     
   428670.31955819722     
   431246.11906151107     
   433827.51057714736     
   436414.46872941591     
   439006.96808790357     
   441604.98316772527     
   444208.48842977756     
   446817.45828098367     
   449431.86707455246     
   452051.68911022512     
   454676.89863452734     
   457307.46984102950     
   459943.37687058997     
   462584.59381161851     
   465231.09470032586     
   467882.85352098092     
   470539.84420616511     
   473202.04063702951     
   475869.41664355219     
   478541.94600479526     
   481219.60244916059     
   483902.35965465027     
   486590.19124912535     
   489283.07081056439     
   491980.97186732246     
   494683.86789839272     
   497391.73233366653     
   500104.53855419485     
   502822.25989244931     
   505544.86963258637     
   508272.34101070598     
   511004.64721511770     
   513741.76138660585     
   516483.65661868808     
   519230.30595788604     
   521981.68240398465     
   524737.75891030254     
   527498.50838395616     
   530263.90368612041     
   533033.91763230821     
   535808.52299262583     
   538587.69249204407     
   541371.39881066873     
   544159.61458401009     
   546952.31240324315     
   549749.46481548855     
   552551.04432407778     
   555357.02338881872     
   558167.37442627305     
   560982.06981002516     
   563801.08187095227     
   566624.38289750007     
   569451.94513595023     
   572283.74079069763     
   575119.74202451925     
   577959.92095885205     
   580804.24967406539     
   583652.70020973461     
   586505.24456491647     
   589361.85469842528     
   592222.50252910855     
   595087.15993611875     
   597955.79875919817     
   600828.39079894579     
   603704.90781710402     
   606585.32153682935     
   609469.60364297393     
   612357.72578236193     
   615249.65956406819     
   618145.37655970152     
   621044.84830367786     
   623948.04629350407     
   626854.94199005619     
   629765.50681786297     
   632679.71216538409     
   635597.52938529069     
   638518.92979474901     
   641443.88467570313     
   644372.36527515389     
   647304.34280544438     
   650239.78844454302     
   653178.67333632323     
   656120.96859085234     
   659066.64528467262     
   662015.67446108407     
   664968.02713043476     
   667923.67427039775     
   670882.58682626276     
   673844.73571122065     
   676810.09180664702     
   679778.62596238987     
   682750.30899705656     
   685725.11169830093     
   688703.00482310785     
   691683.95909808332     
   694667.94521974539     
   697654.93385480123     
   700644.89564044704     
   703637.80118465296     
   706633.62106644816     
   709632.32583621715     
   712633.88601597981     
   715638.27209969261     
   718645.45455352834     
   721655.40381617390     
   724668.09029911540     
   727683.48438693280     
   730701.55643759086     
   733722.27678272454     
   736745.61572794162     
   739771.54355310497     
   742800.03051262663     
   745831.04683576676     
   748864.56272691663     
   751900.54836589878     
   754938.97390825604     
   757979.80948554713     
   761023.02520564047     
   764068.59115300549     
   767116.47738900920     
   770166.65395220881     
   773219.09085864807     
   776273.75810215145     
   779330.62565461732     
   782389.66346631490     
   785450.84146617877     
   788514.12956210808     
   791579.49764125468     
   794646.91557032603     
   797716.35319587891     
   800787.78034461662     
   803861.16682368412     
   806936.48242096591     
   810013.69690538326     
   813092.78002718894     
   816173.70151826972     
   819256.43109243910     
   822340.93844573526     
   825427.19325672428     
   828515.16518678982     
   831604.82388043858     
   834696.13896559644     
   837789.08005390398     
   840883.61674102116     
   843979.71860691928     
   847077.35521618626     
   850176.49611832132     
   853277.11084803764     
   856379.16892556101     
   859482.63985692430     
   862587.49313427764     
   865693.69823617756     
   868801.22462789493     
   871910.04176171101     
   875020.11907721881     
   878131.42600162164     
   881243.93195003970     
   884357.60632580239     
   887472.41852075525     
   890588.33791555837     
   893705.33387998701     
   896823.37577323581     
   899942.43294421432     
   903062.47473185475     
   906183.47046540841     
   909305.38946474937     
   912428.20104067796     
   915551.87449521595     
   918676.37912191730     
   921801.68420616130     
   924927.75902546197     
   928054.57284976321     
   931182.09494174866     
   934310.29455713520     
   937439.14094498218     
   940568.60334799101     
   943698.65100280521     
   946829.25314031809     
   949960.37898596877     
   953091.99776005314     
   956224.07867801562     
   959356.59095076215     
   962489.50378495816     
   965622.78638332814     
   968756.40794496448     
   971890.33766562678     
   975024.54473804496     
   978158.99835222308     
   981293.66769574187     
   984428.52195406088     
   987563.53031082090     
   990698.66194815002     
   993833.88604696305     
   996969.17178726569     
   1000104.4883484598     
   1003239.8049096405     
   1006375.0906499076     
   1009510.3147486587     
   1012645.4463859014     
   1015780.4547425522     
   1018915.3090007344     
   1022049.9783440937     
   1025184.4319580881     
   1028318.6390302974     
   1031452.5687507255     
   1034586.1903121031     
   1037719.4729101910     
   1040852.3857440782     
   1043984.8980164928     
   1047116.9789340987     
   1050248.5977078006     
   1053379.7235530452     
   1056510.3256901260     
   1059640.3733444826     
   1062769.8357470096     
   1065898.6821343512     
   1069026.8817492072     
   1072154.4038406350     
   1075281.2176643570     
   1078407.2924830492     
   1081532.5975666628     
   1084657.1021927074     
   1087780.7756465641     
   1090903.5872217831     
   1094025.5062203913     
   1097146.5019531876     
   1100266.5437400425     
   1103385.6009102138     
   1106503.6428026257     
   1109620.6387661945     
   1112736.5581601111     
   1115851.3703541516     
   1118965.0447289771     
   1122077.5506764285     
   1125188.8575998426     
   1128298.9349143349     
   1131407.7520471069     
   1134515.2784377572     
   1137621.4835385615     
   1140726.3368147919     
   1143829.8077450087     
   1146931.8658213541     
   1150032.4805498689     
   1153131.6214507758     
   1156229.2580587885     
   1159325.3599234037     
   1162419.8966092104     
   1165512.8376961800     
   1168604.1527799740     
   1171693.8114722313     
   1174781.7834008774     
   1177868.0382104178     
   1180952.5455622387     
   1184035.2751349052     
   1187116.1966244548     
   1190195.2797447008     
   1193272.4942275300     
   1196347.8098231959     
   1199421.1963006184     
   1202492.6234476822     
   1205562.0610715332     
   1208629.4789988725     
   1211694.8470762584     
   1214758.1351703976     
   1217819.3131684416     
   1220878.3509782914     
   1223935.2185288765     
   1226989.8857704711     
   1230042.3226749713     
   1233092.4992362028     
   1236140.3854702050     
   1239185.9514155411     
   1242229.1671335730     
   1245270.0027087720     
   1248308.4282490071     
   1251344.4138858339     
   1254377.9297747985     
   1257408.9460957197     
   1260437.4330529927     
   1263463.3608758748     
   1266486.6998187762     
   1269507.4201615639     
   1272525.4922098417     
   1275540.8862952478     
   1278553.5727757444     
   1281563.5220359117     
   1284570.7044872344     
   1287575.0905684009     
   1290576.6507455846     
   1293575.3555127382     
   1296571.1753918850     
   1299564.0809334067     
   1302554.0427163362     
   1305541.0313486385     
   1308525.0174675093     
   1311505.9717396628     
   1314483.8648616083     
   1317458.6675599555     
   1320430.3505916893     
   1323398.8847444609     
   1326364.2408368813     
   1329326.3897187947     
   1332285.3022715773     
   1335240.9494084215     
   1338193.3020746130     
   1341142.3312478287     
   1344088.0079384129     
   1347030.3031896686     
   1349969.1880781360     
   1352904.6337138796     
   1355836.6112407772     
   1358765.0918367950     
   1361690.0467142742     
   1364611.4471202188     
   1367529.2643365669     
   1370443.4696804907     
   1373354.0345046574     
   1376260.9301975279     
   1379164.1281836273     
   1382063.5999238363     
   1384959.3169156557     
   1387851.2506935080     
   1390739.3728289942     
   1393623.6549311932     
   1396504.0686469309     
   1399380.5856610520     
   1402253.1776967200     
   1405121.8165156725     
   1407986.4739185073     
   1410847.1217449717     
   1413703.7318742075     
   1416556.2762250749     
   1419404.7267563797     
   1422249.0554671814     
   1425089.2343970514     
   1427925.2356263583     
   1430757.0312765418     
   1433584.5935103802     
   1436407.8945322610     
   1439226.9065884731     
   1442041.6019674563     
   1444851.9530000887     
   1447657.9320599544     
   1450459.5115636149     
   1453256.6639708786     
   1456049.3617850740     
   1458837.5775533200     
   1461621.2838667959     
   1464400.4533610095     
   1467175.0587160639     
   1469945.0726569304     
   1472710.4679537169     
   1475471.2174219321     
   1478227.2939227519     
   1480978.6703632944     
   1483725.3196968732     
   1486467.2149232766     
   1489204.3290890236     
   1491936.6352876327     
   1494664.1066598850     
   1497386.7163940915     
   1500104.4377263482     
   1502817.2439408167     
   1505525.1083699607     
   1508228.0043948372     
   1510925.9054453317     
   1513618.7850004386     
   1516306.6165885136     
   1518989.3737875335     
   1521667.0302253584     
   1524339.5595799894     
   1527006.9355798280     
   1529669.1320039355     
   1532326.1226822878     
   1534977.8814960362     
   1537624.3823777623     
   1540265.5993117322     
   1542901.5063341570     
   1545532.0775334439     
   1548157.2870504514     
   1550777.1090787502     
   1553391.5178648632     
   1556000.4877085313     
   1558603.9929629622     
   1561202.0080350800     
   1563794.5073857775     
   1566381.4655301683     
   1568962.8570378425     
   1571538.6565331037     
   1574108.8386952314     
   1576673.3782587235     
   1579232.2500135456     
   1581785.4288053794     
   1584332.8895358688     
   1586874.6071628681     
   1589410.5567006900     
   1591940.7132203437     
   1594465.0518497902     
   1596983.5477741770     
   1599496.1762360909     
   1602002.9125357934     
   1604503.7320314716     
   1606998.6101394698     
   1609487.5223345445     
   1611970.4441500949     
   1614447.3511784067     
   1616918.2190708914     
   1619383.0235383303     
   1621841.7403511051     
   1624294.3453394440     
   1626740.8143936526     
   1629181.1234643564     
   1631615.2485627350     
   1634043.1657607555     
   1636464.8511914124     
   1638880.2810489580     
   1641289.4315891408     
   1643692.2791294325     
   1646088.8000492675     
   1648478.9707902733     
   1650862.7678564969     
   1653240.1678146427     
   1655611.1472943008     
   1657975.6829881740     
   1660333.7516523092     
   1662685.3301063257     
   1665030.3952336442     
   1667368.9239817117     
   1669700.8933622290     
   1672026.2804513769     
   1674345.0623900413     
   1676657.2163840397     
   1678962.7197043435     
   1681261.5496872973     
   1683553.6837348517     
   1685839.0993147783     
   1688117.7739608891     
   1690389.6852732641     
   1692654.8109184690     
   1694913.1286297708     
   1697164.6162073640     
   1699409.2515185806     
   1701647.0124981147     
   1703877.8771482334     
   1706101.8235390005     
   1708318.8298084834     
   1710528.8741629741     
   1712731.9348772033     
   1714927.9902945487     
   1717117.0188272547     
   1719298.9989566389     
   1721473.9092333084     
   1723641.7282773659     
   1725802.4347786244     
   1727956.0074968121     
   1730102.4252617876     
   1732241.6669737413     
   1734373.7116034038     
   1736498.5381922582     
   1738616.1258527401     
   1740726.4537684466     
   1742829.5011943367     
   1744925.2474569408     
   1747013.6719545603     
   1749094.7541574710     
   1751168.4736081236     
   1753234.8099213473     
   1755293.7427845476     
   1757345.2519579085     
   1759389.3172745893     
   1761425.9186409246     
   1763455.0360366190     
   1765476.6495149494     
   1767490.7392029548     
   1769497.2853016334     
   1771496.2680861424     
   1773487.6679059819     
   1775471.4651851964     
   1777447.6404225675     
   1779416.1741917995     
   1781377.0471417133     
   1783330.2399964372     
   1785275.7335555959     
   1787213.5086945021     
   1789143.5463643381     
   1791065.8275923491     
   1792980.3334820254     
   1794887.0452132924     
   1796785.9440426882     
   1798677.0113035596     
   1800560.2284062328     
   1802435.5768382088     
   1804303.0381643299     
   1806162.5940269763     
   1808014.2261462393     
   1809857.9163200981     
   1811693.6464246046     
   1813521.3984140584     
   1815341.1543211858     
   1817152.8962573146     
   1818956.6064125509     
   1820752.2670559536     
   1822539.8605357108     
   1824319.3692793085     
   1826090.7757937105     
   1827854.0626655212     
   1829609.2125611673     
   1831356.2082270570     
   1833095.0324897566     
   1834825.6682561648     
   1836548.0985136619     
   1838262.3063302964     
   1839968.2748549455     
   1841665.9873174718     
   1843355.4270289021     
   1845036.5773815783     
   1846709.4218493337     
   1848373.9439876419     
   1850030.1274337897     
   1851677.9559070333     
   1853317.4132087557     
   1854948.4832226280     
   1856571.1499147736     
   1858185.3973339128     
   1859791.2096115327     
   1861388.5709620349     
   1862977.4656828924     
   1864557.8781548077     
   1866129.7928418606     
   1867693.1942916634     
   1869248.0671355152     
   1870794.3960885473     
   1872332.1659498771     
   1873861.3616027592     
   1875381.9680147269     
   1876893.9702377503     
   1878397.3534083709     
   1879892.1027478585     
   1881378.2035623486     
   1882855.6412429921     
   1884324.4012660950     
   1885784.4691932646     
   1887235.8306715440     
   1888678.4714335643     
   1890112.3772976743     
   1891537.5341680886     
   1892953.9280350143     
   1894361.5449747995     
   1895760.3711500685     
   1897150.3928098502     
   1898531.5962897204     
   1899903.9680119336     
   1901267.4944855534     
   1902622.1623065907     
   1903967.9581581303     
   1905304.8688104618     
   1906632.8811212140     
   1907951.9820354772     
   1909262.1585859354     
   1910563.3978929927     
   1911855.6871648980     
   1913139.0136978726     
   1914413.3648762351     
   1915678.7281725174     
   1916935.0911476011     
   1918182.4414508261     
   1919420.7668201176     
   1920650.0550821081     
   1921870.2941522503     
   1923081.4720349417     
   1924283.5768236357     
   1925476.5967009640     
   1926660.5199388471     
   1927835.3348986108     
   1929001.0300311013     
   1930157.5938767968     
   1931305.0150659138     
   1932443.2823185287     
   1933572.3844446798     
   1934692.3103444751     
   1935803.0490082090     
   1936904.5895164586     
   1937996.9210401955     
   1939080.0328408920     
   1940153.9142706229     
   1941218.5547721661     
   1942273.9438791098     
   1943320.0712159509     
   1944356.9264981931     
   1945384.4995324516     
   1946402.7802165467     
   1947411.7585395989     
   1948411.4245821319     
   1949401.7685161596     
   1950382.7806052857     
   1951354.4512047917     
   1952316.7707617315     
   1953269.7298150279     
   1954213.3189955417     
   1955147.5290261835     
   1956072.3507219881     
   1956987.7749901984     
   1957893.7928303576     
   1958790.3953343860     
   1959677.5736866677     
   1960555.3191641257     
   1961423.6231363018     
   1962282.4770654391     
   1963131.8725065545     
   1963971.8011075121     
   1964802.2546090970     
   1965623.2248450909     
   1966434.7037423295     
   1967236.6833207875     
   1968029.1556936274     
   1968812.1130672751     
   1969585.5477414741     
   1970349.4521093492     
   1971103.8186574613     
   1971848.6399658616     
   1972583.9087081426     
   1973309.6176514872     
   1974025.7596567154     
   1974732.3276783242     
   1975429.3147645267     
   1976116.7140572839     
   1976794.5187923401     
   1977462.7222992408     
   1978121.3180013597     
   1978770.2994159025     
   1979409.6601539259     
   1980039.3939203322     
   1980659.4945138600     
   1981269.9558270716     
   1981870.7718463270     
   1982461.9366517439     
   1983043.4444171516     
   1983615.2894100251     
   1984177.4659914123     
   1984729.9686158258     
   1985272.7918311388     
   1985805.9302784407     
   1986329.3786918642     
   1986843.1318983976     
   1987347.1848176504     
   1987841.5324615762     
   1988326.1699341633     
   1988801.0924310503     
   1989266.2952390991     
   1989721.7737358755     
   1990167.5233890561     
   1990603.5397557255     
   1991029.8184815478     
   1991446.3552998062     
   1991853.1460302547     
   1992250.1865777744     
   1992637.4729307732     
   1993015.0011592896     
   1993382.7674127277     
   1993740.7679171506     
   1994088.9989720285     
   1994427.4569462980     
   1994756.1382736196     
   1995075.0394465562     
   1995384.1570094738     
   1995683.4875497811     
   1995973.0276870674     
   1996252.7740595636     
   1996522.7233071132     
   1996782.8720496288     
   1997033.2168595975     
   1997273.7542266864     
   1997504.4805117636     
   1997725.3918865507     
   1997936.4842535653     
   1998137.7531386164     
   1998329.1935445846     
   1998510.7997496433     
   1998682.5650243817     
   1998844.4812281351     
   1998996.5382213602     
   1999138.7229905734     
   1999271.0183107031     
   1999393.4006365342     
   1999505.8366544109     
   1999608.2773821931     
   1999700.6474760654     
   1999782.8243308540     
   1999854.5898204844     
   1999915.6091826134     
   1999963.1259120861     
   2000010.0676724629     
   2000018.5146278129     
   2000120.2053981784     
   2000120.2295463893     
