   5.3194028903517445     
   20.541819916156694     
   45.212041401761439     
   79.648533251836824     
   123.89719329813363     
   177.96833255820832     
   241.86494503257720     
   315.58783666391525     
   399.13695635592319     
   492.51183359738087     
   595.71174794300282     
   708.73580302091477     
   831.58296197004211     
   964.25206569623504     
   1106.7418428542817     
   1259.0509155870354     
   1421.1778029692939     
   1593.1209231455298     
   1774.8785947119429     
   1966.4490376255312     
   2167.8303738264890     
   2379.0206276718613     
   2600.0177262459083     
   2830.8194995897998     
   3071.4236808716773     
   3321.8279065222591     
   3582.0297163392256     
   3852.0265535735566     
   4131.8157650040712     
   4421.3946009976653     
   4720.7602155666154     
   5029.9096664182944     
   5348.8399150015457     
   5677.5478265507054     
   6016.0301701284634     
   6364.2836186653658     
   6722.3047490012905     
   7090.0900419241871     
   7467.6358822104085     
   7854.9385586640465     
   8251.9942641563557     
   8658.7990956675767     
   9075.3490543255557     
   9501.6400454491650     
   9937.6678785885597     
   10383.428267569076     
   10838.916830533806     
   11304.129089988601     
   11779.060472846104     
   12263.706310471518     
   12758.061838730000     
   13262.122198033276     
   13775.882433388513     
   14299.337494447136     
   14832.482235554709     
   15375.311415802507     
   15927.819699078616     
   16490.001654120417     
   17061.851754569761     
   17643.364379025785     
   18234.533811101341     
   18835.354239478856     
   19445.819757968387     
   20065.924365563787     
   20695.661966505239     
   21335.026370335188     
   21984.011291963339     
   22642.610351725321     
   23310.817075447165     
   23988.624894508383     
   24676.027145907283     
   25373.017072325172     
   26079.587822194349     
   26795.732449764841     
   27521.443915172411     
   28256.715084508432     
   29001.538729889398     
   29755.907529528398     
   30519.814067807518     
   31293.250835349609     
   32076.210229093569     
   32868.684552367697     
   33670.666014966220     
   34482.146733225702     
   35303.118730102928     
   36133.573935252760     
   36973.504185107617     
   37822.901222957422     
   38681.756699032107     
   39550.062170581790     
   40427.809101961437     
   41314.988864713741     
   42211.592737654530     
   43117.611906958540     
   44033.037466245085     
   44957.860416666728     
   45892.071666997188     
   46835.662033721426     
   47788.622241125056     
   48750.942921385773     
   49722.614614665130     
   50703.627769202918     
   51693.972741409591     
   52693.639795961470     
   53702.619105896476     
   54720.900752711234     
   55748.474726457556     
   56785.330925842092     
   57831.459158324644     
   58886.849140218190     
   59951.490496791812     
   61025.372762370127     
   62108.485380437676     
   63200.817703742490     
   64302.358994400871     
   65413.098424002863     
   66533.025073718076     
   67662.127934404329     
   68800.395906713849     
   69947.817801205165     
   71104.382338450218     
   72270.078149147565     
   73444.893774232449     
   74628.817664990464     
   75821.838183171116     
   77023.943601101710     
   78235.122101802393     
   79455.361779102692     
   80684.650637759274     
   81922.976593573214     
   83170.327473508107     
   84426.691015810735     
   85692.054870131542     
   86966.406597645255     
   88249.733671173846     
   89542.023475309979     
   90843.263306539782     
   92153.440373369012     
   93472.541796447971     
   94800.554608698789     
   96137.465755442536     
   97483.262094526159     
   98837.930396456111     
   100201.45734452170     
   101573.82953493240     
   102955.03347694580     
   104345.05559300052     
   105743.88221885232     
   107151.49960370483     
   108567.89391034728     
   109993.05121528958     
   111426.95750889916     
   112869.59869553885     
   114320.96059370498     
   115781.02893616854     
   117249.78937011222     
   118727.22745727570     
   120213.32867409285     
   121708.07841183826     
   123211.46197676971     
   124723.46459027179     
   126244.07138900220     
   127773.26742503708     
   129311.03766601846     
   130857.36699530212     
   132412.24021210647     
   133975.64203165981     
   135547.55708535388     
   137127.96992089314     
   138716.86500244588     
   140314.22671079860     
   141920.03934350860     
   143534.28711505927     
   145156.95415701388     
   146788.02451817220     
   148427.48216472749     
   150075.31098042490     
   151731.49476671763     
   153396.01724292830     
   155068.86204640850     
   156750.01273269879     
   158439.45277569094     
   160137.16556779100     
   161843.13442008154     
   163557.34256248569     
   165279.77314393333     
   167010.40923252481     
   168749.23381569970     
   170496.22980040088     
   172251.38001324658     
   174014.66720069529     
   175786.07402921800     
   177565.58308546746     
   179353.17687644970     
   181148.83782969578     
   182952.54829343458     
   184764.29053676687     
   186584.04674983869     
   188411.79904401663     
   190247.52945206492     
   192091.21992831948     
   193942.85234886879     
   195802.40851172816     
   197669.87013702191     
   199545.21886716166     
   201428.43626702650     
   203319.50382414568     
   205218.40294887777     
   207125.11497459648     
   209039.62115787272     
   210961.90267865884     
   212891.94064047362     
   214829.71607058853     
   216775.20992021315     
   218728.40306468471     
   220689.27630365256     
   222657.81036127062     
   224633.98588638444     
   226617.78345272128     
   228609.18355908408     
   230608.16662953913     
   232614.71301361074     
   234628.80298647480     
   236650.41674915131     
   238679.53442870011     
   240716.13607841462     
   242760.20167802091     
   244811.71113387070     
   246870.64427914275     
   248936.98087403789     
   251010.70060597907     
   253091.78308981267     
   255180.20786800623     
   257275.95441085164     
   259379.00211666504     
   261489.33031199107     
   263606.91825180629     
   265731.74511972110     
   267863.79002818541     
   270003.03201869491     
   272149.45006199507     
   274303.02305829141     
   276463.72983745212     
   278631.54915921920     
   280806.45971341780     
   282988.44012016273     
   285177.46893007273     
   287373.52462447743     
   289576.58561563113     
   291786.63024692383     
   294003.63679309562     
   296227.58346044854     
   298458.44838706189     
   300696.20964300720     
   302940.84523056267     
   305192.33308443101     
   307450.65107195452     
   309715.77699333546     
   311987.68858185015     
   314266.36350407213     
   316551.77936008910     
   318843.91368372308     
   321142.74394275312     
   323448.24753913516     
   325760.40180922428     
   328079.18402399932     
   330404.57138928224     
   332736.54104596679     
   335075.07007024117     
   337420.13547381334     
   339771.71420413622     
   342129.78314463550     
   344494.31911493815     
   346865.29887109646     
   349242.69910581980     
   351626.49644870311     
   354016.66746645590     
   356413.18866313208     
   358816.03648036293     
   361225.18729758792     
   363640.61743228487     
   366062.30314020562     
   368490.22061560862     
   370924.34599149146     
   373364.65533982764     
   375811.12467179989     
   378263.72993803676     
   380722.44702884968     
   383187.25177447021     
   385658.11994528456     
   388135.02725207689     
   390617.94934626209     
   393106.86182013096     
   395601.74020708603     
   398102.55998188374     
   400609.29656087578     
   403121.92530224967     
   405640.42150627100     
   408164.76041552948     
   410694.91721517546     
   413230.86703317252     
   415772.58494053362     
   418320.04595157260     
   420873.22502414649     
   423432.09705990215     
   425996.63690452313     
   428566.81934797781     
   431142.61912476539     
   433724.01091416780     
   436310.96934049280     
   438903.46897332883     
   441501.48432779172     
   444104.98986477900     
   446713.95999121544     
   449328.36906030931     
   451948.19137180282     
   454573.40117222245     
   457203.97265513841     
   459839.87996141083     
   462481.09717944852     
   465127.59834546346     
   467779.35744372412     
   470436.34840681258     
   473098.54511588061     
   475765.92140090617     
   478438.45104095055     
   481116.10776441713     
   483798.86524930794     
   486486.69712348317     
   489179.57696492109     
   491877.47830197791     
   494580.37461364613     
   497288.23932981706     
   500001.04583154136     
   502718.76745129126     
   505441.37747322116     
   508168.84913343145     
   510901.15562023257     
   513638.27007440617     
   516380.16558947309     
   519126.81521195068     
   521878.19194162538     
   524634.26873181551     
   527395.01848963508     
   530160.41407626192     
   532930.42830720404     
   535705.03395257040     
   538484.20373732981     
   541267.91034158797     
   544056.12640085223     
   546848.82450630050     
   549645.97720505146     
   552447.55700043309     
   555253.53635225503     
   558063.88767707837     
   560878.58334848587     
   563697.59569735394     
   566520.89701212640     
   569348.45953908563     
   572180.25548262312     
   575016.25700551737     
   577856.43622920336     
   580700.76523404988     
   583549.21605962957     
   586401.76070500014     
   589258.37112897320     
   592119.01925039582     
   594983.67694841896     
   597852.31606278429     
   600724.90839408909     
   603601.42570407444     
   606481.83971589641     
   609366.12211440492     
   612254.24454642239     
   615146.17862102482     
   618041.89590981719     
   620941.36794721347     
   623844.56623072282     
   626751.46222121734     
   629662.02734322380     
   632576.23298520269     
   635494.05049982062     
   638415.45120424568     
   641340.40638041811     
   644268.88727533806     
   647200.86510134744     
   650136.31103641179     
   653075.19622440555     
   656017.49177539314     
   658963.16876591323     
   661912.19823926792     
   664864.55120580026     
   667820.19864318473     
   670779.11149670696     
   673741.26067955815     
   676706.61707310961     
   679675.15152721107     
   682646.83486046514     
   685621.63786052470     
   688599.53128437558     
   691580.48585861980     
   694564.47227977135     
   697551.46121453901     
   700541.42330011691     
   703534.32914447261     
   706530.14932663320     
   709528.85439698177     
   712530.41487753741     
   715534.80126225390     
   718541.98401730170     
   721551.93358136539     
   724564.62036593177     
   727580.01475557650     
   730598.08710826177     
   733618.80775562476     
   736642.14700326649     
   739668.07513104973     
   742696.56239338743     
   745727.57901953475     
   748761.09521388123     
   751797.08115624695     
   754835.50700217555     
   757876.34288322076     
   760919.55890725087     
   763965.12515873124     
   767013.01169902924     
   770063.18856669986     
   773115.62577778287     
   776170.29332610324     
   779227.16118355503     
   782286.19930040685     
   785347.37760559120     
   788410.66600700386     
   791476.03439179610     
   794543.45262667327     
   797612.89055818995     
   800684.31801304629     
   803757.70479838632     
   806833.02070209209     
   809910.23549308162     
   812989.31892160815     
   816070.24071955471     
   819152.97060073237     
   822237.47826117836     
   825323.73337945552     
   828411.70561694494     
   831501.36461815389     
   834592.68001100246     
   837685.62140713353     
   840780.15840219939     
   843876.26057617390     
   846973.89749364043     
   850073.03870409762     
   853173.65374225413     
   856275.71212833491     
   859379.18336837157     
   862484.03695451037     
   865590.24236530741     
   868697.76906603016     
   871806.58650895662     
   874916.66413367994     
   878027.97136740072     
   881140.47762523603     
   884254.15231051366     
   887368.96481507597     
   890484.88451958122     
   893601.88079380454     
   896719.92299693578     
   899838.98047788255     
   902959.02257557667     
   906080.01861926494     
   909201.93792882119     
   912324.74981504120     
   915448.42357994698     
   918572.92851708783     
   921698.23391184339     
   924824.30904172314     
   927951.12317667110     
   931078.64557936660     
   934206.84550552536     
   937335.69220420357     
   940465.15491810080     
   943595.20288385765     
   946725.80533236638     
   949856.93148906494     
   952988.55057424249     
   956120.63180334738     
   959253.14438727929     
   962386.05753270048     
   965519.34044233675     
   968652.96231527568     
   971786.89234727481     
   974921.09973106312     
   978055.55365664163     
   981190.22331158863     
   984325.07788136031     
   987460.08654959779     
   990595.21849842498     
   993730.44290875434     
   996865.72896059218     
   1000001.0458333333     
   1003136.3627060753     
   1006271.6487579116     
   1009406.8731682412     
   1012542.0051170671     
   1015677.0137853037     
   1018811.8683550741     
   1021946.5380100199     
   1025080.9919355960     
   1028215.1993193828     
   1031349.1293513796     
   1034482.7512243157     
   1037616.0341339493     
   1040748.9472793672     
   1043881.4598632955     
   1047013.5410923968     
   1050145.1601775705     
   1053276.2863342655     
   1056406.8887827701     
   1059536.9367485223     
   1062666.3994624144     
   1065795.2461610879     
   1068923.4460872419     
   1072050.9684899307     
   1075177.7826248729     
   1078303.8577547465     
   1081429.1631494961     
   1084553.6680866298     
   1087677.3418515285     
   1090800.1537377420     
   1093922.0730472910     
   1097043.0690909710     
   1100163.1111886573     
   1103282.1686695970     
   1106400.2108727186     
   1109517.2071469338     
   1112633.1268514299     
   1115747.9393559841     
   1118861.6140412511     
   1121974.1202990778     
   1125085.4275327874     
   1128195.5051575012     
   1131304.3226004171     
   1134411.8493011296     
   1137518.0547119160     
   1140622.9082980424     
   1143726.3795380681     
   1146828.4379241369     
   1149929.0529622815     
   1153028.1941727262     
   1156125.8310901807     
   1159221.9332641412     
   1162316.4702591952     
   1165409.4116553124     
   1168500.7270481470     
   1171590.3860493426     
   1174678.3582868176     
   1177764.6134050812     
   1180849.1210655123     
   1183931.8509466744     
   1187012.7727446044     
   1190091.8561731162     
   1193169.0709640898     
   1196244.3868677802     
   1199317.7736531033     
   1202389.2011079434     
   1205458.6390394422     
   1208526.0572743025     
   1211591.4256590770     
   1214654.7140604716     
   1217715.8923656377     
   1220774.9304824721     
   1223831.7983399045     
   1226886.4658882052     
   1229938.9030992691     
   1232989.0799669202     
   1236036.9665071978     
   1239082.5327586597     
   1242125.7487826676     
   1245166.5846636931     
   1248205.0105095988     
   1251240.9964519441     
   1254274.5126462681     
   1257305.5292723933     
   1260334.0165347068     
   1263359.9446624685     
   1266383.2839100885     
   1269404.0045574259     
   1272422.0769100885     
   1275437.4712997086     
   1278450.1580842491     
   1281460.1076482898     
   1284467.2904033130     
   1287471.6767880018     
   1290473.2372685329     
   1293471.9423388552     
   1296467.7625209901     
   1299460.6683653167     
   1302450.6304508697     
   1305437.6193856092     
   1308421.6058067321     
   1311402.5603809496     
   1314380.4538047712     
   1317355.2568048020     
   1320326.9401380266     
   1323295.4745920994     
   1326260.8309856197     
   1329222.9801684401     
   1332181.8930219323     
   1335137.5404592846     
   1338089.8934257852     
   1341038.9228991074     
   1343984.5998895967     
   1346926.8954405517     
   1349865.7806285112     
   1352801.2265635426     
   1355733.2043895179     
   1358661.6852844034     
   1361586.6404605415     
   1364508.0411649309     
   1367425.8586795141     
   1370340.0643214565     
   1373250.6294434262     
   1376157.5254338849     
   1379060.7237173554     
   1381960.1957547145     
   1384855.9130434692     
   1387747.8471180315     
   1390635.9695500110     
   1393520.2519484812     
   1396400.6659602621     
   1399277.1832702088     
   1402149.7756014729     
   1405018.4147157965     
   1407883.0724137782     
   1410743.7205351575     
   1413600.3309590851     
   1416452.8756044158     
   1419301.3264299494     
   1422145.6554347535     
   1424985.8346583941     
   1427821.8361812450     
   1430653.6321247360     
   1433481.1946516475     
   1436304.4959663760     
   1439123.5083151953     
   1441938.2039865553     
   1444748.5553113306     
   1447554.5346631031     
   1450356.1144584350     
   1453153.2671571358     
   1455945.9652625341     
   1458734.1813217471     
   1461517.8879259541     
   1464297.0577106618     
   1467071.6633559749     
   1469841.6775868635     
   1472607.0731734368     
   1475367.8229312028     
   1478123.8997213370     
   1480875.2764509567     
   1483621.9260733770     
   1486363.8215883861     
   1489100.9360425025     
   1491833.2425292453     
   1494560.7141893986     
   1497283.3242112692     
   1500001.0458309606     
   1502713.8523326225     
   1505421.7170487307     
   1508124.6133603367     
   1510822.5146973305     
   1513515.3945387071     
   1516203.2264128176     
   1518885.9838976448     
   1521563.6406210454     
   1524236.1702610231     
   1526903.5465459821     
   1529565.7432549829     
   1532222.7342180032     
   1534874.4933161943     
   1537520.9944821403     
   1540162.2117001070     
   1542798.1190063076     
   1545428.6904891517     
   1548053.9002894992     
   1550673.7226009187     
   1553288.1316699372     
   1555897.1017962985     
   1558500.6073332091     
   1561098.6226875950     
   1563691.1223203528     
   1566278.0807465990     
   1568859.4725359210     
   1571435.2723126288     
   1574005.4547560019     
   1576569.9946005403     
   1579128.8666362124     
   1581682.0457087026     
   1584229.5067196563     
   1586771.2246269323     
   1589307.1744448417     
   1591837.3312443998     
   1594361.6701535683     
   1596880.1663574995     
   1599392.7950987823     
   1601899.5316776820     
   1604400.3514523872     
   1606895.2298392479     
   1609384.1423130210     
   1611867.0644071102     
   1614343.9717138049     
   1616814.8398845210     
   1619279.6446300405     
   1621738.3617207534     
   1624190.9669868876     
   1626637.4363187572     
   1629077.7456669887     
   1631511.8710427654     
   1633939.7885180612     
   1636361.4742258755     
   1638776.9043604629     
   1641186.0551775775     
   1643588.9029946963     
   1645985.4241912588     
   1648375.5952088975     
   1650759.3925516650     
   1653136.7927862713     
   1655507.7725423104     
   1657872.3085124944     
   1660230.3774528718     
   1662581.9561830712     
   1664927.0215865187     
   1667265.5506106683     
   1669597.5202672263     
   1671922.9076323791     
   1674241.6898470232     
   1676553.8441169807     
   1678859.3477132281     
   1681158.1779721240     
   1683450.3122956215     
   1685735.7281514998     
   1688014.4030735807     
   1690286.3146619543     
   1692551.4405831909     
   1694809.7585705691     
   1697061.2464242904     
   1699305.8820116969     
   1701543.6432674907     
   1703774.5081939516     
   1705998.4548611490     
   1708215.4614071643     
   1710425.5060382977     
   1712628.5670292915     
   1714824.6227235326     
   1717013.6515332786     
   1719195.6319398566     
   1721370.5424938852     
   1723538.3618154812     
   1725699.0685944671     
   1727852.6415905885     
   1729999.0596337100     
   1732138.3016240408     
   1734270.3465323220     
   1736395.1734000503     
   1738512.7613396787     
   1740623.0895348149     
   1742726.1372404357     
   1744821.8837830855     
   1746910.3085610815     
   1748991.3910447147     
   1751065.1107764523     
   1753131.4473711427     
   1755190.3805162050     
   1757241.8899718435     
   1759285.9555712361     
   1761322.5572207337     
   1763351.6749000610     
   1765373.2886625149     
   1767387.3786351511     
   1769393.9250189918     
   1771392.9080892161     
   1773384.3081953414     
   1775368.1057614398     
   1777344.2812863090     
   1779312.8153436806     
   1781273.6885823996     
   1783226.8817266168     
   1785172.3755759848     
   1787110.1510058390     
   1789040.1889673879     
   1790962.4704879045     
   1792876.9766709085     
   1794783.6886963514     
   1796682.5878208021     
   1798573.6553776357     
   1800456.8727772112     
   1802332.2215070589     
   1804199.6831320557     
   1806059.2392946121     
   1807910.8717148539     
   1809754.5621907967     
   1811590.2925985279     
   1813418.0448923842     
   1815237.8011051305     
   1817049.5433481303     
   1818853.2538115322     
   1820648.9147644367     
   1822436.5085550707     
   1824216.0176109683     
   1825987.4244391317     
   1827750.7116262158     
   1829505.8618386916     
   1831252.8578230164     
   1832991.6824058092     
   1834722.3184940114     
   1836444.7490750644     
   1838158.9572170675     
   1839864.9260689495     
   1841562.6388606345     
   1843252.0789032045     
   1844933.2295890658     
   1846606.0743921099     
   1848270.5968678764     
   1849926.7806537172     
   1851574.6094689558     
   1853214.0671150435     
   1854845.1374757262     
   1856467.8045171967     
   1858082.0522882552     
   1859687.8649204636     
   1861285.2266283068     
   1862874.1217093410     
   1864454.5345443508     
   1866026.4495975068     
   1867589.8514165126     
   1869144.7246327589     
   1870691.0539614737     
   1872228.8242018754     
   1873758.0202373210     
   1875278.6270354504     
   1876790.6296483397     
   1878294.0132126473     
   1879788.7629497568     
   1881274.8641659261     
   1882752.3022524281     
   1884221.0626856994     
   1885681.1310274755     
   1887132.4929249415     
   1888575.1341108663     
   1890009.0404037470     
   1891434.1977079466     
   1892850.5920138306     
   1894258.2093979085     
   1895657.0360229712     
   1897047.0581382187     
   1898428.2620794098     
   1899800.6342689788     
   1901164.1612161875     
   1902518.8295172402     
   1903864.6258554298     
   1905201.5370012582     
   1906529.5498125758     
   1907848.6512346992     
   1909158.8283005527     
   1910460.0681307840     
   1911752.3579339001     
   1913035.6850063861     
   1914310.0367328336     
   1915575.4005860635     
   1916831.7641272494     
   1918079.1150060431     
   1919317.4409606876     
   1920546.7298181476     
   1921766.9694942248     
   1922978.1479936703     
   1924180.2534103165     
   1925373.2739271813     
   1926557.1978165908     
   1927732.0134402942     
   1928897.7092495766     
   1930054.2737853690     
   1931201.6956783729     
   1932339.9636491565     
   1933469.0665082778     
   1934588.9931563865     
   1935699.7325843391     
   1936801.2738733054     
   1937893.6061948731     
   1938976.7188111562     
   1940050.6010749007     
   1941115.2424295917     
   1942170.6324095502     
   1943216.7606400438     
   1944253.6168373825     
   1945281.1908090264     
   1946299.4724536757     
   1947308.4517613840     
   1948308.1188136442     
   1949298.4637834909     
   1950279.4769355976     
   1951251.1486263738     
   1952213.4693040543     
   1953166.4295087969     
   1954110.0198727800     
   1955044.2311202828     
   1955969.0540677852     
   1956884.4796240591     
   1957790.4987902532     
   1958687.1026599817     
   1959574.2824194157     
   1960452.0293473655     
   1961320.3348153697     
   1962179.1902877758     
   1963028.5873218309     
   1963868.5175677580     
   1964698.9727688392     
   1965519.9447615033     
   1966331.4254753948     
   1967133.4069334657     
   1967925.8812520425     
   1968708.8406409135     
   1969482.2774033940     
   1970246.1839364173     
   1971000.5527305917     
   1971745.3763702954     
   1972480.6475337220     
   1973206.3589929794     
   1973922.5036141463     
   1974629.0743573415     
   1975326.0642768035     
   1976013.4665209451     
   1976691.2743324297     
   1977359.4810482399     
   1978018.0800997333     
   1978667.0650127137     
   1979306.4294074939     
   1979936.1669989577     
   1980556.2715966206     
   1981166.7371046925     
   1981767.5575221370     
   1982358.7269427269     
   1982940.2395551093     
   1983512.0896428549     
   1984074.2715845185     
   1984626.7798536927     
   1985169.6090190627     
   1985702.7537444581     
   1986226.2087889065     
   1986739.9690066851     
   1987244.0293473667     
   1987738.3848558750     
   1988223.0306725299     
   1988697.9620330904     
   1989163.1742688110     
   1989618.6628064769     
   1990064.4231684536     
   1990500.4509727270     
   1990926.7419329467     
   1991343.2918584659     
   1991750.0966543860     
   1992147.1523215850     
   1992534.4549567602     
   1992912.0007524672     
   1993279.7859971474     
   1993637.8070751654     
   1993986.0604668357     
   1994324.5427484564     
   1994653.2505923295     
   1994972.1807667948     
   1995281.3301362400     
   1995580.6956611271     
   1995870.2743980046     
   1996150.0634995066     
   1996420.0602143768     
   1996680.2618874395     
   1996930.6659595987     
   1997171.2699678065     
   1997402.0715450123     
   1997623.0684200998     
   1997834.2584177789     
   1998035.6394584351     
   1998227.2095579209     
   1998408.9668272459     
   1998580.9094721272     
   1998743.0357923398     
   1998895.3441807285     
   1999037.8331217144     
   1999170.5011889716     
   1999293.3470416691     
   1999406.3694182630     
   1999509.5671257537     
   1999602.9390202642     
   1999686.4839699047     
   1999760.2007788294     
   1999824.0880183293     
   1999878.1436088490     
   1999922.3636280443     
   1999956.7381654982     
   1999981.2319996904     
   1999995.5008760062     
