   2.4921628538409317     
   7.4607142624698444     
   12.397563405553177     
   17.302397858233572     
   22.174894731573218     
   27.014720081775131     
   31.821528272056199     
   36.594961282216659     
   41.334647960314996     
   46.040203210071716     
   50.711227106797793     
   55.347303933588826     
   59.948001128396584     
   64.512868131137253     
   69.041435118396379     
   73.533211611354005     
   77.987684940220248     
   82.404318545746662     
   86.782550095059833     
   91.121789385087837     
   95.421416002005117     
   99.680776699244518     
   103.89918244936203     
   108.07590511610556     
   112.21017368191896     
   116.30116995212497     
   120.34802363941290     
   124.34980670975743     
   128.30552684193574     
   132.21411981520023     
   136.07444059019727     
   139.88525278246868     
   143.64521613924330     
   147.35287150914306     
   151.00662262628069     
   154.60471379266852     
   158.14520220067428     
   161.62592313336864     
   165.04444551961365     
   168.39801414342756     
   171.68347287809107     
   174.89716043514963     
   178.03476239526481     
   181.09110943583130     
   184.05977751046061     
   186.93304700677351     
   189.69812033144947     
   192.35092826141462     
   194.81404692892056     
   197.27284147509664     
   198.90404709284380     
   201.88728025238061     
   202.24293513542972     
   206.76511863687298     
   206.78849190507378     
   212.18887520836893     
   212.18977739176250     
   218.11377787392672     
   218.11380311098497     
   224.47018717010678     
   224.47018771824230     
   231.21376284815986     
   231.21376285775600     
   238.31559032808417     
   238.31559032822290     
   245.75542348169265     
   245.75542348169458     
   253.51833953038758     
   253.51833953038803     
   261.59292996499084     
   261.59292996499119     
   269.97023127793386     
   269.97023127793432     
   278.64304961719466     
   278.64304961719466     
   287.60551212268427     
   287.60551212268479     
   296.85275674646084     
   296.85275674646130     
   306.38071079175972     
   306.38071079176063     
   316.18592853330409     
   316.18592853330500     
   326.26546946922474     
   326.26546946922520     
   336.61680528651232     
   336.61680528651306     
   347.23774759538367     
   347.23774759538384     
   358.12639099160509     
   358.12639099160538     
   369.28106763185912     
   369.28106763186042     
   380.70031059168031     
   380.70031059168036     
   392.38282401564624     
   392.38282401564680     
   404.32745858538357     
   404.32745858538482     
   416.53319119705077     
   416.53319119705083     
   428.99910800422754     
   428.99910800422771     
   441.72439017573708     
   441.72439017573731     
   454.70830186167046     
   454.70830186167092     
   467.95017996900390     
   467.95017996900447     
   481.44942543038525     
   481.44942543038604     
   495.20549571283954     
   495.20549571283999     
   509.21789836215476     
   509.21789836215481     
   523.48618541704991     
   523.48618541705127     
   538.00994855752538     
   538.00994855752560     
   552.78881487583851     
   552.78881487583953     
   567.82244317785467     
   567.82244317785467     
   583.11052073801511     
   583.11052073801613     
   598.65276044385621     
   598.65276044385701     
   614.44889827620511     
   614.44889827620580     
   630.49869107965424     
   630.49869107965480     
   646.80191458492277     
   646.80191458492334     
   663.35836165037085     
   663.35836165037176     
   680.16784069483413     
   680.16784069483413     
   697.23017429788456     
   697.23017429788649     
   714.54519794703742     
   714.54519794703776     
   732.11275891421349     
   732.11275891421417     
   749.93271524621957     
   749.93271524622037     
   768.00493485597485     
   768.00493485597576     
   786.32929470302179     
   786.32929470302179     
   804.90568005327384     
   804.90568005327464     
   823.73398380924993     
   823.73398380925232     
   842.81410590314158     
   842.81410590314294     
   862.14595274597161     
   862.14595274597332     
   881.72943672694225     
   881.72943672694498     
   901.56447575774587     
   901.56447575774655     
   921.65099285722988     
   921.65099285723318     
   941.98891577237566     
   941.98891577237646     
   962.57817663190394     
   962.57817663190451     
   983.41871162939697     
   983.41871162939856     
   1004.5104607329951     
   1004.5104607329961     
   1025.8533674191713     
   1025.8533674191719     
   1047.4473784282982     
   1047.4473784282998     
   1069.2924435399750     
   1069.2924435399777     
   1091.3885153663061     
   1091.3885153663084     
   1113.7355491614844     
   1113.7355491614846     
   1136.3335026462262     
   1136.3335026462269     
   1159.1823358457455     
   1159.1823358457470     
   1182.2820109400609     
   1182.2820109400618     
   1205.6324921255855     
   1205.6324921255880     
   1229.2337454870228     
   1229.2337454870260     
   1253.0857388787151     
   1253.0857388787156     
   1277.1884418146033     
   1277.1884418146053     
   1301.5418253661560     
   1301.5418253661562     
   1326.1458620675453     
   1326.1458620675467     
   1351.0005258275539     
   1351.0005258275555     
   1376.1057918475776     
   1376.1057918475785     
   1401.4616365453614     
   1401.4616365453619     
   1427.0680374838885     
   1427.0680374838898     
   1452.9249733051427     
   1452.9249733051440     
   1479.0324236682698     
   1479.0324236682709     
   1505.3903691918626     
   1505.3903691918661     
   1531.9987914000785     
   1531.9987914000790     
   1558.8576726721649     
   1558.8576726721662     
   1585.9669961953666     
   1585.9669961953673     
   1613.3267459207489     
   1613.3267459207548     
   1640.9369065218741     
   1640.9369065218775     
   1668.7974633560245     
   1668.7974633560275     
   1696.9084024278759     
   1696.9084024278791     
   1725.2697103553899     
   1725.2697103553905     
   1753.8813743377862     
   1753.8813743377877     
   1782.7433821254708     
   1782.7433821254713     
   1811.8557219917352     
   1811.8557219917400     
   1841.2183827061922     
   1841.2183827061942     
   1870.8313535097002     
   1870.8313535097022     
   1900.6946240908401     
   1900.6946240908403     
   1930.8081845636809     
   1930.8081845636816     
   1961.1720254468789     
   1961.1720254468805     
   1991.7861376439350     
   1991.7861376439362     
   2022.6505124245782     
   2022.6505124245809     
   2053.7651414071825     
   2053.7651414071865     
   2085.1300165422017     
   2085.1300165422053     
   2116.7451300964558     
   2116.7451300964599     
   2148.6104746383330     
   2148.6104746383344     
   2180.7260430237466     
   2180.7260430237525     
   2213.0918283829155     
   2213.0918283829210     
   2245.7078241077679     
   2245.7078241077711     
   2278.5740238400790     
   2278.5740238400858     
   2311.6904214601973     
   2311.6904214602055     
   2345.0570110764047     
   2345.0570110764111     
   2378.6737870147495     
   2378.6737870147572     
   2412.5407438094858     
   2412.5407438094935     
   2446.6578761939309     
   2446.6578761939318     
   2481.0251790918605     
   2481.0251790918610     
   2515.6426476092774     
   2515.6426476092806     
   2550.5102770266049     
   2550.5102770266076     
   2585.6280627912815     
   2585.6280627912870     
   2620.9960005107237     
   2620.9960005107264     
   2656.6140859456091     
   2656.6140859456168     
   2692.4823150034931     
   2692.4823150034936     
   2728.6006837327609     
   2728.6006837327686     
   2764.9691883168357     
   2764.9691883168489     
   2801.5878250686933     
   2801.5878250686965     
   2838.4565904255651     
   2838.4565904255701     
   2875.5754809440077     
   2875.5754809440086     
   2912.9444932951087     
   2912.9444932951114     
   2950.5636242599298     
   2950.5636242599344     
   2988.4328707251975     
   2988.4328707251993     
   3026.5522296791560     
   3026.5522296791560     
   3064.9216982076114     
   3064.9216982076118     
   3103.5412734901665     
   3103.5412734901665     
   3142.4109527966243     
   3142.4109527966302     
   3181.5307334835657     
   3181.5307334835693     
   3220.9006129909931     
   3220.9006129909958     
   3260.5205888392657     
   3260.5205888392679     
   3300.3906586260528     
   3300.3906586260587     
   3340.5108200234554     
   3340.5108200234599     
   3380.8810707752637     
   3380.8810707752700     
   3421.5014086943338     
   3421.5014086943370     
   3462.3718316600480     
   3462.3718316600530     
   3503.4923376158863     
   3503.4923376158931     
   3544.8629245671659     
   3544.8629245671696     
   3586.4835905787663     
   3586.4835905787668     
   3628.3543337730371     
   3628.3543337730380     
   3670.4751523277673     
   3670.4751523277700     
   3712.8460444742036     
   3712.8460444742068     
   3755.4670084952072     
   3755.4670084952131     
   3798.3380427234206     
   3798.3380427234270     
   3841.4591455396167     
   3841.4591455396203     
   3884.8303153709335     
   3884.8303153709389     
   3928.4515506894045     
   3928.4515506894086     
   3972.3228500103237     
   3972.3228500103255     
   4016.4442118908651     
   4016.4442118908696     
   4060.8156349286282     
   4060.8156349286328     
   4105.4371177603180     
   4105.4371177603189     
   4150.3086590603880     
   4150.3086590603889     
   4195.4302575398597     
   4195.4302575398615     
   4240.8019119450837     
   4240.8019119450910     
   4286.4236210565687     
   4286.4236210565705     
   4332.2953836878933     
   4332.2953836879024     
   4378.4171986846686     
   4378.4171986846768     
   4424.7890649234196     
   4424.7890649234223     
   4471.4109813106570     
   4471.4109813106597     
   4518.2829467819220     
   4518.2829467819429     
   4565.4049603008652     
   4565.4049603008698     
   4612.7770208583124     
   4612.7770208583142     
   4660.3991274714981     
   4660.3991274715027     
   4708.2712791831327     
   4708.2712791831345     
   4756.3934750607395     
   4756.3934750607395     
   4804.7657141957834     
   4804.7657141957907     
   4853.3879957029694     
   4853.3879957029731     
   4902.2603187195646     
   4902.2603187195700     
   4951.3826824046682     
   4951.3826824046719     
   5000.7550859385838     
   5000.7550859385883     
   5050.3775285221373     
   5050.3775285221491     
   5100.2500093761191     
   5100.2500093761282     
   5150.3725277406502     
   5150.3725277406529     
   5200.7450828746341     
   5200.7450828746350     
   5251.3676740551609     
   5251.3676740551655     
   5302.2403005770166     
   5302.2403005770338     
   5353.3629617521738     
   5353.3629617521829     
   5404.7356569092453     
   5404.7356569092481     
   5456.3583853929995     
   5456.3583853930095     
   5508.2311465640059     
   5508.2311465640068     
   5560.3539397979839     
   5560.3539397979903     
   5612.7267644856038     
   5612.7267644856092     
   5665.3496200318659     
   5665.3496200318805     
   5718.2225058558070     
   5718.2225058558279     
   5771.3454213900550     
   5771.3454213900595     
   5824.7183660804922     
   5824.7183660804994     
   5878.3413393858364     
   5878.3413393858527     
   5932.2143407773010     
   5932.2143407773119     
   5986.3373697383067     
   5986.3373697383267     
   6040.7104257640767     
   6040.7104257640785     
   6095.3335083612847     
   6095.3335083612983     
   6150.2066170478802     
   6150.2066170478820     
   6205.3297513526149     
   6205.3297513526195     
   6260.7029108148827     
   6260.7029108149090     
   6316.3260949843952     
   6316.3260949843971     
   6372.1993034208226     
   6372.1993034208426     
   6428.3225356937082     
   6428.3225356937146     
   6484.6957913820115     
   6484.6957913820152     
   6541.3190700739642     
   6541.3190700739651     
   6598.1923713668475     
   6598.1923713668584     
   6655.3156948666883     
   6655.3156948667029     
   6712.6890401880491     
   6712.6890401880555     
   6770.3124069538771     
   6770.3124069538799     
   6828.1857947951421     
   6828.1857947951439     
   6886.3092033508046     
   6886.3092033508146     
   6944.6826322674651     
   6944.6826322674651     
   7003.3060811992509     
   7003.3060811992555     
   7062.1795498076044     
   7062.1795498076126     
   7121.3030377610667     
   7121.3030377610785     
   7180.6765447352327     
   7180.6765447352382     
   7240.3000704123033     
   7240.3000704123124     
   7300.1736144812103     
   7300.1736144812367     
   7360.2971766373403     
   7360.2971766373430     
   7420.6707565822589     
   7420.6707565822589     
   7481.2943540237357     
   7481.2943540237366     
   7542.1679686755024     
   7542.1679686755106     
   7603.2916002571083     
   7603.2916002571137     
   7664.6652484938186     
   7664.6652484938195     
   7726.2889131164375     
   7726.2889131164375     
   7788.1625938611569     
   7788.1625938611833     
   7850.2862904695039     
   7850.2862904695039     
   7912.6600026881479     
   7912.6600026881533     
   7975.2837302687767     
   7975.2837302687840     
   8038.1574729680169     
   8038.1574729680206     
   8101.2812305472880     
   8101.2812305472953     
   8164.6550027727035     
   8164.6550027727144     
   8228.2787894149205     
   8228.2787894149278     
   8292.1525902491794     
   8292.1525902491976     
   8356.2764050549122     
   8356.2764050549195     
   8420.6502336159574     
   8420.6502336159774     
   8485.2740757202464     
   8485.2740757202773     
   8550.1479311598123     
   8550.1479311598359     
   8615.2717997306663     
   8615.2717997306827     
   8680.6456812326942     
   8680.6456812327178     
   8746.2695754695997     
   8746.2695754696324     
   8812.1434822487536     
   8812.1434822487590     
   8878.2674013811957     
   8878.2674013811975     
   8944.6413326814672     
   8944.6413326814763     
   9011.2652759676457     
   9011.2652759676657     
   9078.1392310611482     
   9078.1392310611736     
   9145.2631977867095     
   9145.2631977867168     
   9212.6371759723334     
   9212.6371759723697     
   9280.2611654491102     
   9280.2611654491247     
   9348.1351660513483     
   9348.1351660513501     
   9416.2591776162826     
   9416.2591776162953     
   9484.6331999842077     
   9484.6331999842314     
   9553.2572329981922     
   9553.2572329981940     
   9622.1312765042658     
   9622.1312765042676     
   9691.2553303511613     
   9691.2553303511959     
   9760.6293943903511     
   9760.6293943903547     
   9830.2534684759958     
   9830.2534684760012     
   9900.1275524647499     
   9900.1275524647754     
   9970.2516462159820     
   9970.2516462159892     
   10040.625749591341     
   10040.625749591361     
   10111.249862455154     
   10111.249862455163     
   10182.123984673904     
   10182.123984673935     
   10253.248116116572     
   10253.248116116585     
   10324.622256654344     
   10324.622256654373     
   10396.246406160675     
   10396.246406160695     
   10468.120564511246     
   10468.120564511280     
   10540.244731583809     
   10540.244731583840     
   10612.618907258255     
   10612.618907258313     
   10685.243091416631     
   10685.243091416654     
   10758.117283942800     
   10758.117283942811     
   10831.241484722777     
   10831.241484722799     
   10904.615693644429     
   10904.615693644462     
   10978.239910597546     
   10978.239910597553     
   11052.114135473768     
   11052.114135473781     
   11126.238368166563     
   11126.238368166622     
   11200.612608571195     
   11200.612608571213     
   11275.236856584632     
   11275.236856584657     
   11350.111112105647     
   11350.111112105657     
   11425.235375034576     
   11425.235375034597     
   11500.609645273469     
   11500.609645273491     
   11576.233922725996     
   11576.233922725998     
   11652.108207297410     
   11652.108207297426     
   11728.232498894447     
   11728.232498894455     
   11804.606797425440     
   11804.606797425449     
   11881.231102800179     
   11881.231102800193     
   11958.105414929960     
   11958.105414929994     
   12035.229733727429     
   12035.229733727467     
   12112.604059106701     
   12112.604059106719     
   12190.228390983291     
   12190.228390983311     
   12268.102729274015     
   12268.102729274022     
   12346.227073896995     
   12346.227073897016     
   12424.601424771692     
   12424.601424771716     
   12503.225781818895     
   12503.225781818897     
   12582.100144960583     
   12582.100144960594     
   12661.224514119858     
   12661.224514119904     
   12740.598889221315     
   12740.598889221341     
   12820.223270190467     
   12820.223270190485     
   12900.097656954093     
   12900.097656954100     
   12980.222049440070     
   12980.222049440088     
   13060.596447577478     
   13060.596447577502     
   13141.220851296393     
   13141.220851296404     
   13222.095260527962     
   13222.095260528016     
   13303.219675204607     
   13303.219675204637     
   13384.594095259448     
   13384.594095259483     
   13466.218520626893     
   13466.218520626911     
   13548.092951242146     
   13548.092951242166     
   13630.217387041635     
   13630.217387041639     
   13712.591827962535     
   13712.591827962538     
   13795.216273943030     
   13795.216273943037     
   13878.090724922320     
   13878.090724922347     
   13961.215180840367     
   13961.215180840396     
   14044.589641638184     
   14044.589641638191     
   14128.214107257536     
   14128.214107257547     
   14212.088577641127     
   14212.088577641149     
   14296.213052732523     
   14296.213052732539     
   14380.587532476053     
   14380.587532476053     
   14465.212016816897     
   14465.212016816909     
   14550.086505701052     
   14550.086505701054     
   14635.210999075334     
   14635.210999075349     
   14720.585496887274     
   14720.585496887281     
   14806.209999085197     
   14806.209999085204     
   14892.084505618175     
   14892.084505618195     
   14978.209016436032     
   14978.209016436034     
   15064.583531489299     
   15064.583531489308     
   15151.208050729156     
   15151.208050729172     
   15238.082574107664     
   15238.082574107668     
   15325.207101577382     
   15325.207101577400     
   15412.581633091659     
   15412.581633091713     
   15500.206168604385     
   15500.206168604438     
   15588.080708070340     
   15588.080708070347     
   15676.205251444626     
   15676.205251444646     
   15764.579798683228     
   15764.579798683240     
   15853.204349742660     
   15853.204349742678     
   15942.078904580019     
   15942.078904580045     
   16031.203463153077     
   16031.203463153121     
   16120.578025420116     
   16120.578025420142     
   16210.202591340058     
   16210.202591340081     
   16300.077160872364     
   16300.077160872364     
   16390.201733977028     
   16390.201733977083     
   16480.576310614739     
   16480.576310614797     
   16571.200890746408     
   16571.200890746448     
   16662.075474333888     
   16662.075474333949     
   16753.200061339350     
   16753.200061339467     
   16844.574651725379     
   16844.574651725405     
   16936.199245455260     
   16936.199245455307     
   17028.073842492609     
   17028.073842492646     
   17120.198442801786     
   17120.198442801793     
   17212.573046347228     
   17212.573046347236     
   17305.197653094281     
   17305.197653094332     
   17398.072263008540     
   17398.072263008566     
   17491.196876056001     
   17491.196876056016     
   17584.571492203337     
   17584.571492203340     
   17678.196111417321     
   17678.196111417361     
   17772.070733665525     
   17772.070733665540     
   17866.195358915735     
   17866.195358915793     
   17960.569987136332     
   17960.569987136390     
   18055.194618295882     
   18055.194618295900     
   18150.069252363475     
   18150.069252363555     
   18245.193889308797     
   18245.193889308808     
   18340.568529101536     
   18340.568529101540     
   18436.193171712075     
   18436.193171712126     
   18532.067817111194     
   18532.067817111209     
   18628.192465269869     
   18628.192465269880     
   18724.567116159495     
   18724.567116159538     
   18821.191769751927     
   18821.191769751997     
   18918.066426019392     
   18918.066426019421     
   19015.191084934377     
   19015.191084934384     
   19112.565746469703     
   19112.565746469769     
   19210.190410598712     
   19210.190410598760     
   19308.065077294912     
   19308.065077294978     
   19406.189746532185     
   19406.189746532204     
   19504.564418284750     
   19504.564418284805     
   19603.189092527216     
   19603.189092527275     
   19702.063769234432     
   19702.063769234479     
   19801.188448381610     
   19801.188448381672     
   19900.563129944378     
   19900.563129944447     
   20000.187813898261     
   20000.187813898356     
   20100.062500219723     
   20100.062500219752     
   20200.187188884909     
   20200.187188885011     
   20300.561879870562     
   20300.561879870653     
   20401.186573153875     
   20401.186573153973     
   20502.061268711943     
   20502.061268712016     
   20603.185966522335     
   20603.185966522411     
   20704.560666562895     
   20704.560666562957     
   20806.185368811824     
   20806.185368811861     
   20908.060073247449     
   20908.060073247452     
   21010.184779848376     
   21010.184779848390     
   21112.559488593488     
   21112.559488593528     
   21215.184199461968     
   21215.184199462008     
   21318.058912433306     
   21318.058912433316     
   21421.183627487047     
   21421.183627487080     
   21524.558344603185     
   21524.558344603192     
   21628.183063761771     
   21628.183063761782     
   21732.057784943161     
   21732.057784943285     
   21836.182508128226     
   21836.182508128346     
   21940.557233297535     
   21940.557233297601     
   22045.181960432335     
   22045.181960432343     
   22150.056689513855     
   22150.056689513891     
   22255.181420523586     
   22255.181420523611     
   22360.556153443322     
   22360.556153443427     
   22466.180888255072     
   22466.180888255130     
   22572.055624940858     
   22572.055624940909     
   22678.180363483254     
   22678.180363483283     
   22784.555103864695     
   22784.555103864725     
   22891.179846068109     
   22891.179846068109     
   22998.054590076343     
   22998.054590076357     
   23105.179335872595     
   23105.179335872719     
   23212.554083440431     
   23212.554083440489     
   23320.178832763300     
   23320.178832763355     
   23428.053583824985     
   23428.053583825000     
   23536.178336609362     
   23536.178336609377     
   23644.553091100719     
   23644.553091100806     
   23753.177847283267     
   23753.177847283307     
   23862.052605141529     
   23862.052605141555     
   23971.177364660187     
   23971.177364660245     
   24080.552125824175     
   24080.552125824186     
   24190.176888618331     
   24190.176888618436     
   24300.051653028160     
   24300.051653028178     
   24410.176419038758     
   24410.176419038809     
   24520.551186635632     
   24520.551186635690     
   24631.175955804720     
   24631.175955804829     
   24742.050726531685     
   24742.050726531710     
   24853.175498802557     
   24853.175498802568     
   24964.550272603497     
   24964.550272603516     
   25076.175047920959     
   25076.175047920966     
   25188.049824741182     
   25188.049824741243     
   25300.174603051113     
   25300.174603051168     
   25412.549382837169     
   25412.549382837216     
   25525.174164086591     
   25525.174164086595     
   25638.048946786239     
   25638.048946786254     
   25751.173730923336     
   25751.173730923372     
   25864.548516485294     
   25864.548516485371     
   25978.173303459680     
   25978.173303459705     
   26092.048091833869     
   26092.048091833964     
   26206.172881595954     
   26206.172881595983     
   26320.547672733563     
   26320.547672733592     
   26435.172465234773     
   26435.172465234802     
   26550.047259087805     
   26550.047259087929     
   26665.172054280927     
   26665.172054280945     
   26780.546850802486     
   26780.546850802533     
   26896.171648641106     
   26896.171648641110     
   27012.046447785331     
   27012.046447785367     
   27128.171248224084     
   27128.171248224095     
   27244.546049946181     
   27244.546049946184     
   27361.170852940671     
   27361.170852940671     
   27478.045657196628     
   27478.045657196672     
   27595.170462703394     
   27595.170462703449     
   27712.545269450267     
   27712.545269450278     
   27830.170077426756     
   27830.170077426781     
   27948.044886622396     
   27948.044886622461     
   28066.169697027031     
   28066.169697027100     
   28184.544508630297     
   28184.544508630359     
   28303.169321422178     
   28303.169321422280     
   28422.044135392862     
   28422.044135392873     
   28541.168950532203     
   28541.168950532239     
   28660.543766830539     
   28660.543766830604     
   28780.168584278268     
   28780.168584278355     
   28900.043402865722     
   28900.043402865769     
   29020.168222583496     
   29020.168222583517     
   29140.543043422218     
   29140.543043422331     
   29261.167865372558     
   29261.167865372579     
   29382.042688425321     
   29382.042688425412     
   29503.167512571650     
   29503.167512571763     
   29624.542337802166     
   29624.542337802275     
   29746.167164108418     
   29746.167164108479     
   29868.041991481277     
   29868.041991481306     
   29990.166819912021     
   29990.166819912087     
   30112.541649392271     
   30112.541649392278     
   30235.166479913281     
   30235.166479913358     
   30358.041311466590     
   30358.041311466641     
   30481.166144044000     
   30481.166144044055     
   30604.540977637171     
   30604.540977637182     
   30728.165812262378     
   30728.165812262461     
   30852.040652295789     
   30852.040652295931     
   30976.166019751068     
   30976.166019751101     
   31100.578460546523     
   31100.578460546712     
   31226.487242853895     
   31226.487242854055     
   31368.659262587953     
   31368.659262587960     
