   49151.180295913509     
   196604.23794073303     
   442357.72338475531     
   786409.22085537692     
   1228755.3482472056     
   1769391.7571872661     
   2408313.1330990428     
   3145513.1952330037     
   3980984.6967375949     
   4914719.4247326087     
   5946708.2003840087     
   7076940.8790001003     
   8305406.3501255047     
   9632092.5376553144     
   11056986.399950294     
   12580073.929966336     
   14201340.155397056     
   15920769.138809761     
   17738343.977814410     
   19654046.805217441     
   21667858.789209392     
   23779760.133545730     
   25989730.077734411     
   28297746.897249851     
   30703787.903743468     
   33207829.445263356     
   35809846.906490989     
   38509814.708979428     
   41307706.311404221     
   44203494.209838182     
   47197149.937998123     
   50288644.067539722     
   53477946.208350793     
   56765025.008834869     
   60149848.156232953     
   63632382.376934744     
   67212593.436805367     
   70890446.141525507     
   74665904.336937442     
   78538930.909390926     
   82509487.786125124     
   86577535.935627773     
   90743035.368020177     
   95005945.135469526     
   99366223.332556009     
   103823827.09672329     
   108378712.60867023     
   113030835.09279874     
   117780148.81764583     
   122626607.09633823     
   127570162.28704396     
   132610765.79344954     
   137748368.06523564     
   142982918.59855691     
   148314365.93654531     
   153742657.66981578     
   159267740.43697897     
   164889559.92516586     
   170608060.87057021     
   176423187.05896574     
   182334881.32630119     
   188343085.55922228     
   194447740.69566157     
   200648786.72542042     
   206946162.69074711     
   213339806.68695647     
   219829655.86301556     
   226415646.42217731     
   233097713.62259689     
   239875791.77797726     
   246749814.25821292     
   253719713.49003330     
   260785420.95769128     
   267946867.20361078     
   275203981.82908368     
   282556693.49496537     
   290004929.92236006     
   297548617.89334422     
   305187683.25168896     
   312922050.90357763     
   320751644.81834590     
   328676388.02924502     
   336696202.63417131     
   344811009.79645938     
   353020729.74563366     
   361325281.77821523     
   369724584.25849289     
   378218554.61934471     
   386807109.36303622     
   395490164.06203902     
   404267633.35988653     
   413139430.97198087     
   422105469.68645298     
   431165661.36503172     
   440319916.94388485     
   449568146.43453091     
   458910258.92468369     
   468346162.57917452     
   477875764.64084244     
   487498971.43145019     
   497215688.35260177     
   507025819.88667697     
   516929269.59776968     
   526925940.13263053     
   537015733.22162557     
   547198549.67971015     
   557474289.40738916     
   567842851.39172757     
   578304133.70730114     
   588858033.51724291     
   599504447.07422006     
   610243269.72147989     
   621074395.89385521     
   631997719.11882675     
   643013132.01754487     
   654120526.30589843     
   665319792.79558301     
   676610821.39516234     
   687993501.11116397     
   699467720.04915535     
   711033365.41485858     
   722690323.51524925     
   734438479.75967371     
   746277718.66099000     
   758207923.83667886     
   770228978.01001012     
   782340763.01118398     
   794543159.77849352     
   806836048.35949910     
   819219307.91220331     
   831692816.70624363     
   844256452.12407935     
   856910090.66221511     
   869653607.93239522     
   882486878.66283393     
   895409776.69945168     
   908422175.00711405     
   921523945.67086923     
   934714959.89721906     
   947995088.01538420     
   961364199.47856534     
   974822162.86524796     
   988368845.88046622     
   1002004115.3571361     
   1015727837.2573380     
   1029539876.6736438     
   1043440097.8304462     
   1057428364.0852913     
   1071504537.9302227     
   1085668480.9931219     
   1099920054.0390909     
   1114259116.9717972     
   1128685528.8348706     
   1143199147.8132794     
   1157799831.2347226     
   1172487435.5710316     
   1187261816.4395907     
   1202122828.6047492     
   1217070325.9792521     
   1232104161.6256678     
   1247224187.7578392     
   1262430255.7423530     
   1277722216.0999622     
   1293099918.5070846     
   1308563211.7972822     
   1324111943.9627278     
   1339745962.1557169     
   1355465112.6901603     
   1371269241.0430934     
   1387158191.8562086     
   1403131808.9373629     
   1419189935.2621379     
   1435332412.9753559     
   1451559083.3926525     
   1467869787.0020275     
   1484264363.4654093     
   1500742651.6202486     
   1517304489.4810781     
   1533949714.2411242     
   1550678162.2739000     
   1567489669.1348076     
   1584384069.5627706     
   1601361197.4818435     
   1618420886.0028520     
   1635562967.4250307     
   1652787273.2376697     
   1670093634.1217797     
   1687481879.9517508     
   1704951839.7970185     
   1722503341.9237540     
   1740136213.7965474     
   1757850282.0801098     
   1775645372.6409638     
   1793521310.5491760     
   1811477920.0800471     
   1829515024.7158725     
   1847632447.1476619     
   1865830009.2768598     
   1884107532.2171466     
   1902464836.2961588     
   1920901741.0572581     
   1939418065.2613239     
   1958013626.8885105     
   1976688243.1400666     
   1995441730.4401045     
   2014273904.4374132     
   2033184580.0072799     
   2052173571.2532954     
   2071240691.5091987     
   2090385753.3406954     
   2109608568.5473111     
   2128908948.1642282     
   2148286702.4641695     
   2167741640.9592233     
   2187273572.4027553     
   2206882304.7912798     
   2226567645.3663139     
   2246329400.6163216     
   2266167376.2785840     
   2286081377.3411155     
   2306071208.0445790     
   2326136671.8842354     
   2346277571.6118236     
   2366493709.2375574     
   2386784886.0320177     
   2407150902.5281596     
   2427591558.5232239     
   2448106653.0807414     
   2468695984.5324960     
   2489359350.4804878     
   2510096547.7989621     
   2530907372.6363664     
   2551791620.4173875     
   2572749085.8449326     
   2593779562.9021749     
   2614882844.8545580     
   2636058724.2518382     
   2657306992.9301310     
   2678627442.0139265     
   2700019861.9181819     
   2721484042.3503652     
   2743019772.3125143     
   2764626840.1033111     
   2786305033.3201914     
   2808054138.8613925     
   2829873942.9280696     
   2851764231.0264130     
   2873724787.9697022     
   2895755397.8804941     
   2917855844.1926856     
   2940025909.6536789     
   2962265376.3264875     
   2984574025.5919161     
   3006951638.1506677     
   3029397994.0255356     
   3051912872.5635338     
   3074496052.4381003     
   3097147311.6512427     
   3119866427.5357332     
   3142653176.7573061     
   3165507335.3168273     
   3188428678.5525408     
   3211416981.1422162     
   3234472017.1054153     
   3257593559.8056989     
   3280781381.9528403     
   3304035255.6050754     
   3327354952.1713328     
   3350740242.4134979     
   3374190896.4486427     
   3397706683.7513037     
   3421287373.1557403     
   3444932732.8582110     
   3468642530.4192462     
   3492416532.7659388     
   3516254506.1942396     
   3540156216.3712316     
   3564121428.3374763     
   3588149906.5092669     
   3612241414.6810098     
   3636395716.0274715     
   3660612573.1061826     
   3684891747.8597221     
   3709233001.6180654     
   3733636095.1009402     
   3758100788.4201837     
   3782626841.0820880     
   3807214011.9897556     
   3831862059.4454970     
   3856570741.1531854     
   3881339814.2206583     
   3906169035.1620698     
   3931058159.9003191     
   3956006943.7694349     
   3981015141.5169845     
   4006082507.3064775     
   4031208794.7197990     
   4056393756.7595987     
   4081637145.8517704     
   4106938713.8478298     
   4132298212.0273962     
   4157715391.1006107     
   4183190001.2106142     
   4208721791.9359641     
   4234310512.2931371     
   4259955910.7389684     
   4285657735.1731400     
   4311415732.9406538     
   4337229650.8343058     
   4363099235.0971918     
   4389024231.4251919     
   4415004384.9694700     
   4441039440.3389940     
   4467129141.6030111     
   4493273232.2936029     
   4519471455.4081964     
   4545723553.4120617     
   4572029268.2408915     
   4598388341.3032875     
   4624800513.4833431     
   4651265525.1431713     
   4677783116.1254635     
   4704353025.7560320     
   4730974992.8464108     
   4757648755.6963520     
   4784374052.0964975     
   4811150619.3308640     
   4837978194.1794720     
   4864856512.9209366     
   4891785311.3350248     
   4918764324.7053108     
   4945793287.8217058     
   4972871934.9831352     
   5000000000.0001040     
   5027177216.1973257     
   5054403316.4163504     
   5081678033.0181875     
   5109001097.8859367     
   5136372242.4274178     
   5163791197.5778170     
   5191257693.8023357     
   5218771461.0988350     
   5246332229.0004826     
   5273939726.5784302     
   5301593682.4444551     
   5329293824.7536392     
   5357039881.2070560     
   5384831579.0544176     
   5412668645.0967655     
   5440550805.6891794     
   5468477786.7434368     
   5496449313.7307129     
   5524465111.6843061     
   5552524905.2023077     
   5580628418.4503193     
   5608775375.1641750     
   5636965498.6526451     
   5665198511.8001661     
   5693474137.0695467     
   5721792096.5047131     
   5750152111.7334518     
   5778553903.9701138     
   5806997194.0183735     
   5835481702.2739773     
   5864007148.7274904     
   5892573252.9670324     
   5921179734.1810560     
   5949826311.1611118     
   5978512702.3045626     
   6007238625.6174355     
   6036003798.7171097     
   6064807938.8351479     
   6093650762.8200560     
   6122531987.1400566     
   6151451327.8859053     
   6180408500.7736635     
   6209403221.1474648     
   6238435203.9823856     
   6267504163.8871613     
   6296609815.1070747     
   6325751871.5266867     
   6354930046.6727142     
   6384144053.7168055     
   6413393605.4783735     
   6442678414.4274244     
   6471998192.6873646     
   6501352652.0378695     
   6530741503.9176540     
   6560164459.4273796     
   6589621229.3324461     
   6619111524.0658474     
   6648635053.7310324     
   6678191528.1047325     
   6707780656.6398239     
   6737402148.4681940     
   6767055712.4035788     
   6796741056.9444580     
   6826457890.2768764     
   6856205920.2773533     
   6885984854.5157270     
   6915794400.2580395     
   6945634264.4694376     
   6975504153.8170023     
   7005403774.6726656     
   7035332833.1161013     
   7065291034.9376020     
   7095278085.6409607     
   7125293690.4464054     
   7155337554.2934551     
   7185409381.8438301     
   7215508877.4843626     
   7245635745.3299122     
   7275789689.2262564     
   7305970412.7530136     
   7336177619.2265310     
   7366411011.7028551     
   7396670292.9805946     
   7426955165.6038704     
   7457265331.8652420     
   7487600493.8086138     
   7517960353.2321835     
   7548344611.6913748     
   7578752970.5017424     
   7609185130.7419481     
   7639640793.2566748     
   7670119658.6595745     
   7700621427.3361855     
   7731145799.4469442     
   7761692474.9300585     
   7792261153.5045004     
   7822851534.6729460     
   7853463317.7247105     
   7884096201.7387676     
   7914749885.5866165     
   7945424067.9353104     
   7976118447.2504148     
   8006832721.7989130     
   8037566589.6522398     
   8068319748.6892338     
   8099091896.5990658     
   8129882730.8842735     
   8160691948.8636742     
   8191519247.6753893     
   8222364324.2797928     
   8253226875.4625015     
   8284106597.8373537     
   8315003187.8493748     
   8345916341.7778139     
   8376845755.7390661     
   8407791125.6896763     
   8438752147.4293709     
   8469728516.6039848     
   8500719928.7085028     
   8531726079.0900412     
   8562746662.9507942     
   8593781375.3511257     
   8624829911.2124615     
   8655891965.3203869     
   8686967232.3275757     
   8718055406.7568035     
   8749156183.0039997     
   8780269255.3411770     
   8811394317.9194889     
   8842531064.7722416     
   8873679189.8178234     
   8904838386.8628578     
   8936008349.6050644     
   8967188771.6363297     
   8998379346.4457893     
   9029579767.4226952     
   9060789727.8595600     
   9092008920.9550934     
   9123237039.8172798     
   9154473777.4663086     
   9185718826.8377075     
   9216971880.7852459     
   9248232632.0840225     
   9279500773.4334869     
   9310775997.4604244     
   9342057996.7220039     
   9373346463.7087784     
   9404641090.8477383     
   9435941570.5052834     
   9467247594.9903755     
   9498558856.5573483     
   9529875047.4091263     
   9561195859.7001667     
   9592520985.5394878     
   9623850116.9936962     
   9655182946.0900574     
   9686519164.8194466     
   9717858465.1394463     
   9749200538.9773197     
   9780545078.2331238     
   9811891774.7825890     
   9843240320.4803181     
   9874590407.1626892     
   9905941726.6509800     
   9937293970.7542896     
   9968646831.2726727     
   10000000000.000111     
   10031353168.727533     
   10062706029.245918     
   10094058273.349222     
   10125409592.837511     
   10156759679.519892     
   10188108225.217615     
   10219454921.767103     
   10250799461.022875     
   10282141534.860765     
   10313480835.180756     
   10344817053.910156     
   10376149883.006504     
   10407479014.460718     
   10438804140.300045     
   10470124952.591078     
   10501441143.442863     
   10532752405.009829     
   10564058429.494913     
   10595358909.152489     
   10626653536.291437     
   10657942003.278206     
   10689224002.539785     
   10720499226.566713     
   10751767367.916183     
   10783028119.214970     
   10814281173.162493     
   10845526222.533895     
   10876762960.182940     
   10907991079.045109     
   10939210272.140654     
   10970420232.577509     
   11001620653.554428     
   11032811228.363863     
   11063991650.395149     
   11095161613.137348     
   11126320810.182377     
   11157468935.227978     
   11188605682.080708     
   11219730744.659025     
   11250843816.996191     
   11281944593.243383     
   11313032767.672626     
   11344108034.679804     
   11375170088.787741     
   11406218624.649086     
   11437253337.049421     
   11468273920.910170     
   11499280071.291693     
   11530271483.396215     
   11561247852.570847     
   11592208874.310524     
   11623154244.261143     
   11654083658.222389     
   11684996812.150826     
   11715893402.162855     
   11746773124.537712     
   11777635675.720419     
   11808480752.324818     
   11839308051.136536     
   11870117269.115927     
   11900908103.401140     
   11931680251.310972     
   11962433410.347969     
   11993167278.201296     
   12023881552.749804     
   12054575932.064878     
   12085250114.413595     
   12115903798.261438     
   12146536682.275490     
   12177148465.327271     
   12207738846.495701     
   12238307525.070145     
   12268854200.553257     
   12299378572.664022     
   12329880341.340639     
   12360359206.743540     
   12390814869.258265     
   12421247029.498463     
   12451655388.308832     
   12482039646.768030     
   12512399506.191578     
   12542734668.134975     
   12573044834.396347     
   12603329707.019608     
   12633588988.297359     
   12663822380.773668     
   12694029587.247196     
   12724210310.773952     
   12754364254.670286     
   12784491122.515844     
   12814590618.156382     
   12844662445.706751     
   12874706309.553801     
   12904721914.359251     
   12934708965.062607     
   12964667166.884113     
   12994596225.327547     
   13024495846.183208     
   13054365735.530760     
   13084205599.742174     
   13114015145.484484     
   13143794079.722864     
   13173542109.723330     
   13203258943.055754     
   13232944287.596624     
   13262597851.532011     
   13292219343.360380     
   13321808471.895487     
   13351364946.269173     
   13380888475.934357     
   13410378770.667768     
   13439835540.572830     
   13469258496.082561     
   13498647347.962339     
   13528001807.312841     
   13557321585.572790     
   13586606394.521830     
   13615855946.283394     
   13645069953.327486     
   13674248128.473518     
   13703390184.893133     
   13732495836.113045     
   13761564796.017817     
   13790596778.852730     
   13819591499.226534     
   13848548672.114286     
   13877468012.860138     
   13906349237.180138     
   13935192061.165051     
   13963996201.283087     
   13992761374.382761     
   14021487297.695631     
   14050173688.839071     
   14078820265.819124     
   14107426747.033169     
   14135992851.272717     
   14164518297.726231     
   14193002805.981836     
   14221446096.030071     
   14249847888.266741     
   14278207903.495474     
   14306525862.930643     
   14334801488.200062     
   14363034501.347557     
   14391224624.836029     
   14419371581.549871     
   14447475094.797871     
   14475534888.315901     
   14503550686.269489     
   14531522213.256767     
   14559449194.311018     
   14587331354.903439     
   14615168420.945801     
   14642960118.793146     
   14670706175.246563     
   14698406317.555756     
   14726060273.421778     
   14753667770.999718     
   14781228538.901369     
   14808742306.197861     
   14836208802.422390     
   14863627757.572790     
   14890998902.114275     
   14918321966.982010     
   14945596683.583847     
   14972822783.802866     
   15000000000.000088     
   15027128065.017065     
   15054206712.178514     
   15081235675.294888     
   15108214688.665163     
   15135143487.079271     
   15162021805.820740     
   15188849380.669344     
   15215625947.903723     
   15242351244.303858     
   15269025007.153797     
   15295646974.244162     
   15322216883.874741     
   15348734474.857037     
   15375199486.516867     
   15401611658.696926     
   15427970731.759314     
   15454276446.588146     
   15480528544.592020     
   15506726767.706602     
   15532870858.397196     
   15558960559.661219     
   15584995615.030739     
   15610975768.575020     
   15636900764.903015     
   15662770349.165905     
   15688584267.059559     
   15714342264.827065     
   15740044089.261232     
   15765689487.707075     
   15791278208.064232     
   15816809998.789585     
   15842284608.899591     
   15867701787.972799     
   15893061286.152376     
   15918362854.148436     
   15943606243.240601     
   15968791205.280407     
   15993917492.693724     
   16018984858.483221     
   16043993056.230766     
   16068941840.099894     
   16093830964.838142     
   16118660185.779541     
   16143429258.847021     
   16168137940.554712     
   16192785988.010460     
   16217373158.918127     
   16241899211.580021     
   16266363904.899265     
   16290766998.382147     
   16315108252.140488     
   16339387426.894018     
   16363604283.972731     
   16387758585.319197     
   16411850093.490938     
   16435878571.662737     
   16459843783.628965     
   16483745493.805965     
   16507583467.234266     
   16531357469.580967     
   16555067267.141994     
   16578712626.844473     
   16602293316.248899     
   16625809103.551561     
   16649259757.586699     
   16672645047.828873     
   16695964744.395140     
   16719218618.047371     
   16742406440.194508     
   16765527982.894791     
   16788583018.857998     
   16811571321.447670     
   16834492664.683369     
   16857346823.242901     
   16880133572.464470     
   16902852688.348961     
   16925503947.562098     
   16948087127.436666     
   16970602005.974678     
   16993048361.849541     
   17015425974.408289     
   17037734623.673721     
   17059974090.346533     
   17082144155.807529     
   17104244602.119722     
   17126275212.030508     
   17148235768.973803     
   17170126057.072136     
   17191945861.138832     
   17213694966.680016     
   17235373159.896893     
   17256980227.687683     
   17278515957.649841     
   17299980138.082031     
   17321372557.986286     
   17342693007.070091     
   17363941275.748386     
   17385117155.145657     
   17406220437.098034     
   17427250914.155270     
   17448208379.582821     
   17469092627.363842     
   17489903452.201248     
   17510640649.519722     
   17531304015.467720     
   17551893346.919468     
   17572408441.476997     
   17592849097.472057     
   17613215113.968197     
   17633506290.762661     
   17653722428.388374     
   17673863328.115971     
   17693928791.955616     
   17713918622.659096     
   17733832623.721634     
   17753670599.383888     
   17773432354.633896     
   17793117695.208935     
   17812726427.597446     
   17832258359.040985     
   17851713297.536041     
   17871091051.835976     
   17890391431.452896     
   17909614246.659515     
   17928759308.491013     
   17947826428.746910     
   17966815419.992931     
   17985726095.562801     
   18004558269.560089     
   18023311756.860142     
   18041986373.111691     
   18060581934.738884     
   18079098258.942947     
   18097535163.704048     
   18115892467.783066     
   18134169990.723347     
   18152367552.852566     
   18170484975.284340     
   18188522079.920166     
   18206478689.451038     
   18224354627.359249     
   18242149717.920109     
   18259863786.203659     
   18277496658.076454     
   18295048160.203182     
   18312518120.048466     
   18329906365.878414     
   18347212726.762531     
   18364437032.575180     
   18381579113.997368     
   18398638802.518360     
   18415615930.437439     
   18432510330.865410     
   18449321837.726299     
   18466050285.759071     
   18482695510.519127     
   18499257348.379940     
   18515735636.534805     
   18532130212.998169     
   18548440916.607544     
   18564667587.024845     
   18580810064.738068     
   18596868191.062836     
   18612841808.144009     
   18628730758.957096     
   18644534887.310040     
   18660254037.844494     
   18675888056.037491     
   18691436788.202911     
   18706900081.493122     
   18722277783.900238     
   18737569744.257862     
   18752775812.242363     
   18767895838.374523     
   18782929674.020950     
   18797877171.395454     
   18812738183.560600     
   18827512564.429161     
   18842200168.765491     
   18856800852.186924     
   18871314471.165340     
   18885740883.028419     
   18900079945.961105     
   18914331519.007084     
   18928495462.069981     
   18942571635.914917     
   18956559902.169758     
   18970460123.326569     
   18984272162.742867     
   18997995884.643066     
   19011631154.119736     
   19025177837.134972     
   19038635800.521637     
   19052004911.984825     
   19065285040.102993     
   19078476054.329334     
   19091577824.993088     
   19104590223.300755     
   19117513121.337368     
   19130346392.067822     
   19143089909.337967     
   19155743547.876125     
   19168307183.293953     
   19180780692.088001     
   19193163951.640705     
   19205456840.221706     
   19217659236.989014     
   19229771021.990192     
   19241792076.163517     
   19253722281.339203     
   19265561520.240536     
   19277309676.484955     
   19288966634.585354     
   19300532279.951054     
   19312006498.889042     
   19323389178.605049     
   19334680207.204628     
   19345879473.694309     
   19356986867.982658     
   19368002280.881378     
   19378925604.106339     
   19389756730.278732     
   19400495552.925972     
   19411141966.482967     
   19421695866.292892     
   19432157148.608467     
   19442525710.592808     
   19452801450.320496     
   19462984266.778584     
   19473074059.867561     
   19483070730.402428     
   19492974180.113514     
   19502784311.647591     
   19512501028.568745     
   19522124235.359364     
   19531653837.421032     
   19541089741.075520     
   19550431853.565659     
   19559680083.056301     
   19568834338.635170     
   19577894530.313747     
   19586860569.028214     
   19595732366.640305     
   19604509835.938164     
   19613192890.637169     
   19621781445.380856     
   19630275415.741707     
   19638674718.221985     
   19646979270.254581     
   19655188990.203743     
   19663303797.366043     
   19671323611.970959     
   19679248355.181862     
   19687077949.096622     
   19694812316.748524     
   19702451382.106857     
   19709995070.077843     
   19717443306.505241     
   19724796018.171127     
   19732053132.796589     
   19739214579.042526     
   19746280286.510162     
   19753250185.741993     
   19760124208.222221     
   19766902286.377621     
   19773584353.578026     
   19780170344.137180     
   19786660193.313244     
   19793053837.309456     
   19799351213.274773     
   19805552259.304535     
   19811656914.440987     
   19817665118.673897     
   19823576812.941238     
   19829391939.129623     
   19835110440.075035     
   19840732259.563202     
   19846257342.330387     
   19851685634.063652     
   19857017081.401653     
   19862251631.934971     
   19867389234.206753     
   19872429837.713158     
   19877373392.903858     
   19882219851.182549     
   19886969164.907406     
   19891621287.391525     
   19896176172.903481     
   19900633776.667633     
   19904994054.864723     
   19909256964.632187     
   19913422464.064575     
   19917490512.214066     
   19921461069.090813     
   19925334095.663261     
   19929109553.858673     
   19932787406.563404     
   19936367617.623272     
   19939850151.843975     
   19943234974.991360     
   19946522053.791855     
   19949711355.932663     
   19952802850.062206     
   19955796505.790382     
   19958692293.688801     
   19961490185.291222     
   19964190153.093708     
   19966792170.554958     
   19969296212.096458     
   19971702253.102951     
   19974010269.922466     
   19976220239.866669     
   19978332141.210999     
   19980345953.195000     
   19982261656.022392     
   19984079230.861393     
   19985798659.844818     
   19987419926.070236     
   19988943013.600262     
   19990367907.462551     
   19991694593.650078     
   19992923059.121212     
   19994053291.799820     
   19995085280.575478     
   19996019015.303463     
   19996854486.804970     
   19997591686.867107     
   19998230608.243019     
   19998771244.651962     
   19999213590.779335     
   19999557642.276806     
   19999803395.762234     
   19999950848.819786     
