   491.51590300350387     
   1966.0512473965287     
   4423.5869848491975     
   7864.1022685727921     
   12287.563685501387     
   17693.927852613237     
   24083.141658591288     
   31455.142310339925     
   39809.857346256562     
   49147.204641103570     
   59467.092408642042     
   70769.419203212936     
   83054.073920985975     
   96320.935801467334     
   110569.87442858647     
   125800.74973219697     
   142013.41198930729     
   159207.70182582745     
   177383.45021784984     
   196540.47849362268     
   216678.59833503739     
   237797.61177965923     
   259897.31122266132     
   282977.47941880987     
   307037.88948461530     
   332078.30490056850     
   358098.47951352957     
   385098.15753901511     
   413077.07356384129     
   442034.95254866523     
   471971.50983069837     
   502886.45112652937     
   534779.47253501054     
   567650.26054018049     
   601498.49201450124     
   636323.83422178973     
   672125.94482075097     
   708904.47186820779     
   746659.05382253032     
   785389.31954728148     
   825094.88831481128     
   865775.36981000053     
   907430.36413412774     
   950059.46180873853     
   993662.24377976591     
   1038238.2814215778     
   1083787.1365411640     
   1130308.3613825727     
   1177801.4986311570     
   1226266.0814181676     
   1275701.6333253374     
   1326107.6683895064     
   1377483.6911074538     
   1429829.1964407449     
   1483143.6698206782     
   1537426.5871534576     
   1592677.4148251766     
   1648895.6097071145     
   1706080.6191611926     
   1764231.8810452544     
   1823348.8237186603     
   1883430.8660479037     
   1944477.4174123746     
   2006487.8777099766     
   2069461.6373633188     
   2133398.0773254712     
   2198296.5690860874     
   2264156.4746777397     
   2330977.1466819965     
   2398757.9282358093     
   2467498.1530381874     
   2537197.1453564339     
   2607854.2200330659     
   2679468.6824922813     
   2752039.8287470620     
   2825566.9454058860     
   2900049.3096798579     
   2975486.1893897434     
   3051876.8429732039     
   3129220.5194921140     
   3207516.4586398392     
   3286763.8907488207     
   3366962.0367981074     
   3448110.1084209969     
   3530207.3079128088     
   3613252.8282386088     
   3697245.8530414384     
   3782185.5566499662     
   3868071.1040868619     
   3954901.6510769469     
   4042676.3440554366     
   4131394.3201763849     
   4221054.7073211316     
   4311656.6241069064     
   4403199.1798954830     
   4495681.4748019613     
   4589102.5997034833     
   4683461.6362484228     
   4778757.6568651162     
   4874989.7247712044     
   4972156.8939827438     
   5070258.2093234984     
   5169292.7064344389     
   5269259.4117830526     
   5370157.3426730102     
   5471985.5072538750     
   5574742.9045306882     
   5678428.5243740613     
   5783041.3475298230     
   5888580.3456292422     
   5995044.4811989944     
   6102432.7076716144     
   6210743.9693954261     
   6319977.2016451359     
   6430131.3306323076     
   6541205.2735158652     
   6653197.9384126971     
   6766108.2244085055     
   6879935.0215685163     
   6994677.2109484337     
   7110333.6646054732     
   7226903.2456093896     
   7344384.8080536844     
   7462777.1970668156     
   7582079.2488237200     
   7702289.7905570436     
   7823407.6405687779     
   7945431.6082418747     
   8068360.4940519584     
   8192193.0895789955     
   8316928.1775193829     
   8442564.5316977873     
   8569100.9170791376     
   8696536.0897809397     
   8824868.7970853187     
   8954097.7774515171     
   9084221.7605281323     
   9215239.4671656899     
   9347149.6094292291     
   9479950.8906108495     
   9613642.0052426998     
   9748221.6391095072     
   9883688.4692617226     
   10020041.164028427     
   10157278.383030429     
   10295398.777193494     
   10434400.988761522     
   10574283.651309963     
   10715045.389759252     
   10856684.820388256     
   10999200.550847940     
   11142591.180175032     
   11286855.298805788     
   11431991.488589862     
   11577998.322804272     
   11724874.366167372     
   11872618.174852971     
   12021228.296504602     
   12170703.270249581     
   12321041.626713740     
   12472241.888035491     
   12624302.567880616     
   12777222.171456693     
   12930999.195527939     
   13085632.128429921     
   13241119.450084388     
   13397459.632014263     
   13554651.137358675     
   13712692.420888023     
   13871581.929019172     
   14031318.099830765     
   14191899.363078479     
   14353324.140210686     
   14515590.844383659     
   14678697.880477376     
   14842643.645111222     
   15007426.526659604     
   15173044.905267911     
   15339497.152868377     
   15506781.633196125     
   15674896.701805208     
   15843840.706084844     
   16013611.985275568     
   16184208.870485654     
   16355629.684707452     
   16527872.742833829     
   16700936.351674976     
   16874818.809974652     
   17049518.408427328     
   17225033.429694682     
   17401362.148422662     
   17578502.831258271     
   17756453.736866791     
   17935213.115948912     
   18114779.211257640     
   18295150.257615913     
   18476324.481933735     
   18658300.103225749     
   18841075.332628638     
   19024648.373418763     
   19209017.421029765     
   19394180.663070422     
   19580136.279342305     
   19766882.441857863     
   19954417.314858235     
   20142739.054831289     
   20331845.810529962     
   20521735.722990122     
   20712406.925549183     
   20903857.543864150     
   21096085.695930306     
   21289089.492099479     
   21482867.035098847     
   21677416.420049425     
   21872735.734484766     
   22068823.058369949     
   22265676.464120336     
   22463294.016620427     
   22661673.773243051     
   22860813.783868354     
   23060712.090903040     
   23261366.729299568     
   23462775.726575445     
   23664937.102832761     
   23867848.870777391     
   24071509.035738762     
   24275915.595689446     
   24481066.541264653     
   24686959.855782181     
   24893593.515262116     
   25100965.488446832     
   25309073.736820888     
   25517916.214631107     
   25727490.868906558     
   25937795.639478963     
   26148828.459002815     
   26360587.252975635     
   26573069.939758498     
   26786274.430596478     
   27000198.629639082     
   27214840.433960892     
   27430197.733582355     
   27646268.411490377     
   27863050.343659159     
   28080541.399071142     
   28298739.439737990     
   28517642.320721358     
   28737247.890154246     
   28957553.989262175     
   29178558.452384125     
   29400259.106994018     
   29622653.773722127     
   29845740.266376402     
   30069516.391963888     
   30293979.950712584     
   30519128.736092586     
   30744960.534838244     
   30971473.126969658     
   31198664.285814565     
   31426531.778030302     
   31655073.363625556     
   31884286.795982670     
   32114169.821879394     
   32344720.181511410     
   32575935.608514238     
   32807813.829985663     
   33040352.566508025     
   33273549.532170594     
   33507402.434592269     
   33741908.974943675     
   33977066.847970299     
   34212873.742014699     
   34449327.339039356     
   34686425.314649709     
   34924165.338116676     
   35162545.072399646     
   35401562.174169578     
   35641214.293831974     
   35881499.075549945     
   36122414.157267332     
   36363957.170731954     
   36606125.741519123     
   36848917.489054456     
   37092330.026637897     
   37336360.961466670     
   37581007.894659102     
   37826268.421278082     
   38072140.130354799     
   38318620.604912221     
   38565707.421989113     
   38813398.152663790     
   39061690.362077922     
   39310581.609460451     
   39560069.448151633     
   39810151.425627090     
   40060825.083522022     
   40312087.957655288     
   40563937.578053243     
   40816371.468974955     
   41069387.148935549     
   41322982.130731203     
   41577153.921463415     
   41831900.022563413     
   42087217.929816917     
   42343105.133388638     
   42599559.117846973     
   42856577.362188667     
   43114157.339863807     
   43372296.518800288     
   43630992.361429185     
   43890242.324709184     
   44150043.860152006     
   44410394.413847178     
   44671291.426487386     
   44932732.333393380     
   45194714.564539269     
   45457235.544577964     
   45720292.692866191     
   45983883.423490174     
   46248005.145290703     
   46512655.261889048     
   46777831.171711914     
   47043530.268017642     
   47309749.938921347     
   47576487.567420833     
   47843740.531422257     
   48111506.203765973     
   48379781.952252068     
   48648565.139666624     
   48917853.123807512     
   49187643.257510379     
   49457932.888674393     
   49728719.360288657     
   50000000.010458350     
   50271772.172430582     
   50544033.174620859     
   50816780.340639226     
   51090010.989316687     
   51363722.434731491     
   51637911.986235544     
   51912576.948480703     
   52187714.621445678     
   52463322.300462164     
   52739397.276241608     
   53015936.834901839     
   53292938.257993743     
   53570398.822527893     
   53848315.801001444     
   54126686.461424999     
   54405508.067349054     
   54684777.877891615     
   54964493.147764422     
   55244651.127300367     
   55525249.062480405     
   55806284.194960505     
   56087753.762099095     
   56369654.996983789     
   56651985.128458962     
   56934741.381152712     
   57217920.975504451     
   57501521.127791882     
   57785539.050158434     
   58069971.950641058     
   58354817.033197075     
   58640071.497732177     
   58925732.540127583     
   59211797.352267876     
   59498263.122068405     
   59785127.033502921     
   60072386.266631611     
   60360037.997628428     
   60648079.398808762     
   60936507.638657831     
   61225319.881857872     
   61514513.289316371     
   61804085.018193923     
   62094032.221931972     
   62384352.050281093     
   62675041.649328910     
   62966098.161528043     
   63257518.725724183     
   63549300.477184467     
   63841440.547625363     
   64133936.065241084     
   64426784.154731490     
   64719981.937330984     
   65013526.530835956     
   65307415.049633808     
   65601644.604731061     
   65896212.303781763     
   66191115.251115769     
   66486350.547767617     
   66781915.291504644     
   67077806.576855518     
   67374021.495139167     
   67670557.134493187     
   67967410.579901859     
   68264578.913226083     
   68562059.213230789     
   68859848.555614561     
   69157944.013037711     
   69456342.655151621     
   69755041.548627317     
   70054037.757183895     
   70353328.341618270     
   70652910.359833330     
   70952780.866866887     
   71252936.914921373     
   71553375.553391770     
   71854093.828895569     
   72155088.785300940     
   72456357.463756442     
   72757896.902719885     
   73059704.137987405     
   73361776.202722654     
   73664110.127485886     
   73966702.940263227     
   74269551.666496024     
   74572653.329109818     
   74876004.948543489     
   75179603.542779207     
   75483446.127371073     
   75787529.715474769     
   76091851.317876816     
   76396407.943024099     
   76701196.597052976     
   77006214.283819258     
   77311458.004926845     
   77616924.759757996     
   77922611.545502290     
   78228515.357186750     
   78534633.187704474     
   78840962.027844995     
   79147498.866323456     
   79454240.689810440     
   79761184.482961461     
   80068327.228446424     
   80375665.906979725     
   80683197.497349650     
   80990918.976447955     
   81298827.319300115     
   81606919.499093980     
   81915192.487211183     
   82223643.253255218     
   82532268.765082285     
   82841065.988830790     
   83150031.888951093     
   83459163.428235501     
   83768457.567848027     
   84077911.267354086     
   84387521.484751046     
   84697285.176497102     
   85007199.297542453     
   85317260.801357642     
   85627466.639965236     
   85937813.763968542     
   86248299.122581914     
   86558919.663661286     
   86869672.333733097     
   87180554.078025505     
   87491561.840497345     
   87802692.563869178     
   88113943.189652249     
   88425310.658179700     
   88736791.908635557     
   89048383.879085973     
   89360083.506507829     
   89671887.726820692     
   89983793.474915192     
   90295797.684684232     
   90607897.289052844     
   90920089.220008224     
   91232370.408630073     
   91544737.785120428     
   91857188.278834328     
   92169718.818309665     
   92482326.331297547     
   92795007.744792119     
   93107759.985061541     
   93420579.977677301     
   93733464.647544980     
   94046410.918934613     
   94359415.715510249     
   94672475.960361049     
   94985588.576030880     
   95298750.484548569     
   95611958.607458964     
   95925209.865852088     
   96238501.180394307     
   96551829.471357882     
   96865191.658651844     
   97178584.661851704     
   97492005.400230557     
   97805450.792788520     
   98118917.758283183     
   98432403.215260476     
   98745904.082084283     
   99059417.276967108     
   99372939.718000233     
   99686468.323184058     
   100000000.01045832     
   100313531.69773260     
   100627060.30291647     
   100940582.74394956     
   101254095.93883234     
   101567596.80565622     
   101881082.26263352     
   102194549.22812812     
   102507994.62068605     
   102821415.35906495     
   103134808.36226490     
   103448170.54955876     
   103761498.84052236     
   104074790.15506449     
   104388041.41345760     
   104701249.53636803     
   105014411.44488591     
   105327524.06055558     
   105640584.30540639     
   105953589.10198207     
   106266535.37337166     
   106579420.04323941     
   106892240.03585510     
   107204992.27612448     
   107517673.68961909     
   107830281.20260695     
   108142811.74208239     
   108455262.23579618     
   108767629.61228658     
   109079910.80090831     
   109392102.73186365     
   109704202.33623241     
   110016206.54600148     
   110328112.29409595     
   110639916.51440875     
   110951616.14183073     
   111263208.11228099     
   111574689.36273699     
   111886056.83126436     
   112197307.45704749     
   112508438.18041928     
   112819445.94289123     
   113130327.68718354     
   113441080.35725541     
   113751700.89833464     
   114062186.25694817     
   114372533.38095133     
   114682739.21955894     
   114992800.72337428     
   115302714.84441936     
   115612478.53616565     
   115922088.75356252     
   116231542.45306864     
   116540836.59268111     
   116849968.13196558     
   117158934.03208587     
   117467731.25583434     
   117776356.76766147     
   118084807.53370544     
   118393080.52182260     
   118701172.70161660     
   119009081.04446869     
   119316802.52356695     
   119624334.11393692     
   119931672.79247026     
   120238815.53795519     
   120545759.33110623     
   120852501.15459315     
   121159037.99307166     
   121465366.83321217     
   121771484.66372991     
   122077388.47541434     
   122383075.26115878     
   122688542.01598990     
   122993785.73709750     
   123298803.42386363     
   123603592.07789259     
   123908148.70303980     
   124212470.30544195     
   124516553.89354563     
   124820396.47813760     
   125123995.07237317     
   125427346.69180697     
   125730448.35442066     
   126033297.08065350     
   126335889.89343077     
   126638223.81819405     
   126940295.88292934     
   127242103.11819680     
   127543642.55716021     
   127844911.23561582     
   128145906.19202112     
   128446624.46752490     
   128747063.10599531     
   129047219.15404972     
   129347089.66108342     
   129646671.67929833     
   129945962.26373275     
   130244958.47228938     
   130543657.36576502     
   130842056.00787899     
   131140151.46530217     
   131437940.80768587     
   131735421.10769065     
   132032589.44101478     
   132329442.88642362     
   132625978.52577749     
   132922193.44406115     
   133218084.72941221     
   133513649.47314915     
   133808884.76980095     
   134103787.71713495     
   134398355.41618553     
   134692584.97128284     
   134986473.49008089     
   135280018.08358571     
   135573215.86618504     
   135866063.95567578     
   136158559.47329125     
   136450699.54373226     
   136742481.29519251     
   137033901.85938850     
   137324958.37158772     
   137615647.97063568     
   137905967.79898471     
   138195915.00272277     
   138485486.73160014     
   138774680.13905880     
   139063492.38225877     
   139351920.62210780     
   139639962.02328831     
   139927613.75428510     
   140214872.98741373     
   140501736.89884859     
   140788202.66864896     
   141074267.48078918     
   141359928.52318475     
   141645182.98771957     
   141930028.07027569     
   142214460.97075823     
   142498478.89312488     
   142782079.04541233     
   143065258.63976395     
   143348014.89245778     
   143630345.02393284     
   143912246.25881752     
   144193715.82595611     
   144474750.95843652     
   144755348.89361635     
   145035506.87315223     
   145315222.14302510     
   145594491.95356759     
   145873313.55949181     
   146151684.21991530     
   146429601.19838881     
   146707061.76292288     
   146984063.18601471     
   147260602.74467501     
   147536677.72045454     
   147812285.39947096     
   148087423.07243600     
   148362088.03468126     
   148636277.58618525     
   148909989.03160006     
   149183219.68027738     
   149455966.84629583     
   149728227.84848627     
   150000000.01045763     
   150271280.66062808     
   150542067.13224229     
   150812356.76340628     
   151082146.89710900     
   151351434.88125008     
   151620218.06866458     
   151888493.81715071     
   152156259.48949438     
   152423512.45349583     
   152690250.08199534     
   152956469.75289908     
   153222168.84920478     
   153487344.75902778     
   153751994.87562600     
   154016116.59742644     
   154279707.32805043     
   154542764.47633868     
   154805285.45637736     
   155067267.68752328     
   155328708.59442928     
   155589605.60706943     
   155849956.16076466     
   156109757.69620743     
   156369007.65948746     
   156627703.50211620     
   156885842.68105277     
   157143422.65872791     
   157400440.90306967     
   157656894.88752794     
   157912782.09109968     
   158168099.99835312     
   158422846.09945327     
   158677017.89018536     
   158930612.87198105     
   159183628.55194172     
   159436062.44286340     
   159687912.06326136     
   159939174.93739453     
   160189848.59528947     
   160439930.57276502     
   160689418.41145614     
   160938309.65883866     
   161186601.86825281     
   161434292.59892738     
   161681379.41600439     
   161927859.89056179     
   162173731.59963849     
   162418992.12625742     
   162663639.05944991     
   162907669.99427873     
   163151082.53186202     
   163393874.27939758     
   163636042.85018462     
   163877585.86364928     
   164118500.94536674     
   164358785.72708461     
   164598437.84674710     
   164837454.94851705     
   165075834.68280002     
   165313574.70626697     
   165550672.68187729     
   165787126.27890193     
   166022933.17294639     
   166258091.04597300     
   166492597.58632436     
   166726450.48874599     
   166959647.45440865     
   167192186.19093102     
   167424064.41240236     
   167655279.83940515     
   167885830.19903719     
   168115713.22493398     
   168344926.65729097     
   168573468.24288628     
   168801335.73510197     
   169028526.89394689     
   169255039.48607820     
   169480871.28482401     
   169706020.07020396     
   169930483.62895256     
   170154259.75454018     
   170377346.24719441     
   170599740.91392255     
   170821441.56853247     
   171042446.03165448     
   171262752.13076228     
   171482357.70019516     
   171701260.58117855     
   171919458.62184545     
   172136949.67725730     
   172353731.60942614     
   172569802.28733420     
   172785159.58695573     
   172999801.39127752     
   173213725.59032005     
   173426930.08115810     
   173639412.76794094     
   173851171.56191388     
   174062204.38143754     
   174272509.15200993     
   174482083.80628550     
   174690926.28409567     
   174899034.53246981     
   175106406.50565439     
   175313040.16513437     
   175518933.47965196     
   175724084.42522705     
   175928490.98517787     
   176132151.15013924     
   176335062.91808379     
   176537224.29434109     
   176738633.29161695     
   176939287.93001348     
   177139186.23704806     
   177338326.24767351     
   177536706.00429600     
   177734323.55679634     
   177931176.96254656     
   178127264.28643185     
   178322583.60086718     
   178517132.98581770     
   178710910.52881706     
   178903914.32498634     
   179096142.47705242     
   179287593.09536728     
   179478264.29792637     
   179668154.21038663     
   179857260.96608526     
   180045582.70605829     
   180233117.57905868     
   180419863.74157414     
   180605819.35784608     
   180790982.59988669     
   180975351.64749768     
   181158924.68828785     
   181341699.91769072     
   181523675.53898281     
   181704849.76330066     
   181885220.80965880     
   182064786.90496758     
   182243546.28404969     
   182421497.18965825     
   182598637.87249371     
   182774966.59122163     
   182950481.61248907     
   183125181.21094176     
   183299063.66924137     
   183472127.27808261     
   183644370.33620891     
   183815791.15043071     
   183986388.03564084     
   184156159.31483147     
   184325103.31911120     
   184493218.38772032     
   184660502.86804804     
   184826955.11564833     
   184992573.49425671     
   185157356.37580502     
   185321302.14043885     
   185484409.17653280     
   185646675.88070560     
   185808100.65783778     
   185968681.92108551     
   186128418.09189710     
   186287307.60002819     
   186445348.88355762     
   186602540.38890204     
   186758880.57083184     
   186914367.89248627     
   187069000.82538828     
   187222777.84945953     
   187375697.45303562     
   187527758.13288069     
   187678958.39420247     
   187829296.75066662     
   187978771.72441164     
   188127381.84606323     
   188275125.65474883     
   188422001.69811201     
   188568008.53232643     
   188713144.72211045     
   188857408.84074122     
   189000799.47006837     
   189143315.20052803     
   189284954.63115692     
   189425716.36960617     
   189565599.03215468     
   189704601.24372274     
   189842721.63788566     
   189979958.85688764     
   190116311.55165443     
   190251778.38180664     
   190386358.01567334     
   190520049.13030532     
   190652850.41148683     
   190784760.55375040     
   190915778.26038790     
   191045902.24346459     
   191175131.22383067     
   191303463.93113512     
   191430899.10383683     
   191557435.48921826     
   191683071.84339669     
   191807806.93133700     
   191931639.52686399     
   192054568.41267395     
   192176592.38034713     
   192297710.23035887     
   192417920.77209216     
   192537222.82384908     
   192655615.21286219     
   192773096.77530655     
   192889666.35631037     
   193005322.80996737     
   193120064.99934730     
   193233891.79650733     
   193346802.08250299     
   193458794.74739996     
   193569868.69028348     
   193680022.81927052     
   193789256.05152026     
   193897567.31324413     
   194004955.53971651     
   194111419.67528635     
   194216958.67338577     
   194321571.49654150     
   194425257.11638483     
   194528014.51366165     
   194629842.67824244     
   194730740.60913247     
   194830707.31448099     
   194929741.81159198     
   195027843.12693271     
   195125010.29614410     
   195221242.36405030     
   195316538.38466695     
   195410897.42121190     
   195504318.54611340     
   195596800.84101993     
   195688343.39680833     
   195778945.31359410     
   195868605.70073882     
   195957323.67685980     
   196045098.36983818     
   196131928.91682827     
   196217814.46426517     
   196302754.16787362     
   196386747.19267640     
   196469792.71300215     
   196551889.91249400     
   196633037.98411673     
   196713236.13016593     
   196792483.56227496     
   196870779.50142252     
   196948123.17794141     
   197024513.83152485     
   197099950.71123472     
   197174433.07550865     
   197247960.19216737     
   197320531.33842197     
   197392145.80088133     
   197462802.87555775     
   197532501.86787605     
   197601242.09267822     
   197669022.87423199     
   197735843.54623625     
   197801703.45182768     
   197866601.94358835     
   197930538.38355041     
   197993512.14320359     
   198055522.60350114     
   198116569.15486550     
   198176651.19719461     
   198235768.13986778     
   198293919.40175191     
   198351104.41120586     
   198407322.60608774     
   198462573.43375915     
   198516856.35109177     
   198570170.82447162     
   198622516.32980475     
   198673892.35252246     
   198724298.38758650     
   198773733.93949342     
   198822198.52228016     
   198869691.65952867     
   198916212.88436967     
   198961761.73948908     
   199006337.77713057     
   199049940.55910140     
   199092569.65677565     
   199134224.65109947     
   199174905.13259429     
   199214610.70136145     
   199253340.96708569     
   199291095.54903966     
   199327874.07608664     
   199363676.18668512     
   199398501.52889177     
   199432349.76036546     
   199465220.54836997     
   199497113.56977788     
   199528028.51107275     
   199557965.06835386     
   199586922.94733778     
   199614901.86336151     
   199641901.54138571     
   199667921.71599731     
   199692962.13141173     
   199717022.54147577     
   199740102.70966992     
   199762202.40911078     
   199783321.42255279     
   199803459.54239133     
   199822616.57066363     
   199840792.31905156     
   199857986.60888332     
   199874199.27113479     
   199889430.14643162     
   199903679.08505028     
   199916945.94692039     
   199929230.60162511     
   199940532.92840296     
   199950852.81614834     
   199960190.16341349     
   199968544.87840757     
   199975916.87899837     
   199982306.09271091     
   199987712.45672256     
   199992135.91785336     
   199995576.43251887     
   199998033.96649030     
   199999508.49229783     
