   9.9987498437708417     
   29.993748593141319     
   49.983744527095745     
   69.968735765912186     
   89.948720427539229     
   109.92369662755236     
   129.89366247917690     
   149.85861609323763     
   169.81855557820836     
   189.77347904022665     
   209.72338458298617     
   229.66827030779098     
   249.60813431352759     
   269.54297469679659     
   289.47278955167599     
   309.39757696982178     
   329.31733504061651     
   349.23206185086030     
   369.14175548503357     
   389.04641402512169     
   408.94603555075656     
   428.84061813903935     
   448.73015986464407     
   468.61465879981932     
   488.49411301439170     
   508.36852057565693     
   528.23787954844443     
   548.10218799519180     
   567.96144397580281     
   587.81564554763872     
   607.66479076571500     
   627.50887768242546     
   647.34790434777551     
   667.18186880915255     
   687.01076911152018     
   706.83460329733384     
   726.65336940645886     
   746.46706547625945     
   766.27568954165247     
   786.07923963488588     
   805.87771378574143     
   825.67111002146476     
   845.45942636673294     
   865.24266084366582     
   885.02081147184720     
   904.79387626820255     
   924.56185324714875     
   944.32474042061244     
   964.08253579778943     
   983.83523738535507     
   1003.5828431873399     
   1023.3253512052943     
   1043.0627594379519     
   1062.7950658816271     
   1082.5222685299768     
   1102.2443653739649     
   1121.9613544020174     
   1141.6732335998422     
   1161.3800009505112     
   1181.0816544345666     
   1200.7781920296884     
   1220.4696117111432     
   1240.1559114513175     
   1259.8370892200930     
   1279.5131429845769     
   1299.1840707092015     
   1318.8498703557743     
   1338.5105398833596     
   1358.1660772483565     
   1377.8164804043995     
   1397.4617473024530     
   1417.1018758908008     
   1436.7368641149599     
   1456.3667099177001     
   1475.9914112390818     
   1495.6109660164989     
   1515.2253721844422     
   1534.8346276747782     
   1554.4387304165505     
   1574.0376783360907     
   1593.6314693569041     
   1613.2201013997990     
   1632.8035723826808     
   1652.3818802207302     
   1671.9550228263893     
   1691.5229981092311     
   1711.0858039760235     
   1730.6434383307160     
   1750.1958990745104     
   1769.7431841056798     
   1789.2852913197503     
   1808.8222186093299     
   1828.3539638642544     
   1847.8805249714815     
   1867.4018998151105     
   1886.9180862763428     
   1906.4290822335624     
   1925.9348855622502     
   1945.4354941350371     
   1964.9309058215786     
   1984.4211184887665     
   2003.9061300004435     
   2023.3859382176502     
   2042.8605409984727     
   2062.3299361980962     
   2081.7941216687427     
   2101.2530952597181     
   2120.7068548173443     
   2140.1553981851025     
   2159.5987232034145     
   2179.0368277097773     
   2198.4697095387105     
   2217.8973665217800     
   2237.3197964875590     
   2256.7369972616079     
   2276.1489666665216     
   2295.5557025219050     
   2314.9572026442943     
   2334.3534648472819     
   2353.7444869413771     
   2373.1302667340556     
   2392.5108020298358     
   2411.8860906301270     
   2431.2561303333073     
   2450.6209189346455     
   2469.9804542264515     
   2489.3347339978618     
   2508.6837560349904     
   2528.0275181208708     
   2547.3660180354004     
   2566.6992535553932     
   2586.0272224545793     
   2605.3499225035680     
   2624.6673514697845     
   2643.9795071176259     
   2663.2863872083058     
   2682.5879894998698     
   2701.8843117472416     
   2721.1753517021621     
   2740.4611071132831     
   2759.7415757260005     
   2779.0167552825455     
   2798.2866435219530     
   2817.5512381801350     
   2836.8105369897175     
   2856.0645376801604     
   2875.3132379777207     
   2894.5566356053710     
   2913.7947282828704     
   2933.0275137267972     
   2952.2549896504643     
   2971.4771537638353     
   2990.6940037736786     
   3009.9055373835531     
   3029.1117522936765     
   3048.3126462009482     
   3067.5082167990226     
   3086.6984617782764     
   3105.8833788256948     
   3125.0629656250367     
   3144.2372198566695     
   3163.4061391976647     
   3182.5697213217477     
   3201.7279638992700     
   3220.8808645972595     
   3240.0284210793779     
   3259.1706310059035     
   3278.3074920336853     
   3297.4390018163117     
   3316.5651580038507     
   3335.6859582430302     
   3354.8014001771417     
   3373.9114814460754     
   3393.0161996862312     
   3412.1155525306972     
   3431.2095376089660     
   3450.2981525472110     
   3469.3813949680343     
   3488.4592624906591     
   3507.5317527307343     
   3526.5988633005431     
   3545.6605918087571     
   3564.7169358605906     
   3583.7678930577486     
   3602.8134609984681     
   3621.8536372773401     
   3640.8884194855050     
   3659.9178052105312     
   3678.9417920364276     
   3697.9603775436531     
   3716.9735593090991     
   3735.9813349060232     
   3754.9837019041870     
   3773.9806578696498     
   3792.9722003649554     
   3811.9583269489758     
   3830.9390351769730     
   3849.9143226005954     
   3868.8841867677670     
   3887.8486252228972     
   3906.8076355066064     
   3925.7612151559665     
   3944.7093617042101     
   3963.6520726810354     
   3982.5893456123963     
   4001.5211780204986     
   4020.4475674238643     
   4039.3685113373122     
   4058.2840072718986     
   4077.1940527349502     
   4096.0986452299994     
   4114.9977822569253     
   4133.8914613117413     
   4152.7796798866966     
   4171.6624354703372     
   4190.5397255474227     
   4209.4115475989811     
   4228.2778991024761     
   4247.1387775319681     
   4265.9941803586325     
   4284.8441050516903     
   4303.6885490804407     
   4322.5275099181163     
   4341.3609850495513     
   4360.1889719859028     
   4379.0114682927115     
   4397.8284716426151     
   4416.6399799127830     
   4435.4459913625460     
   4454.2465049526436     
   4473.0415209099156     
   4491.8310417102093     
   4510.6150737620501     
   4529.3936302406828     
   4548.1667357743372     
   4566.9344340473526     
   4585.6967998920418     
   4604.4539581106037     
   4623.2061121045235     
   4641.9535863347583     
   4660.6968875584380     
   4679.4367904088340     
   4698.1744527555966     
   4716.9115647593126     
   4735.6505318521131     
   4754.3946853684847     
   4773.1485050498986     
   4791.9178260728431     
   4810.7099921319896     
   4829.5339096446778     
   4848.3999612490270     
   4867.3197529440658     
   4886.3056978673994     
   4905.3704745379237     
   4924.5264276718626     
   4943.7849945605303     
   4963.1562338391705     
   4982.6485088009440     
   5002.2683434728769     
   5022.0204376720585     
   5041.9078054122592     
   5061.9319921379811     
   5082.0933283805489     
   5102.3911862284594     
   5122.8242160873006     
   5143.3905514722010     
   5164.0879774840369     
   5184.9140638500940     
   5205.8662663281175     
   5226.9420015037622     
   5248.1387001669009     
   5269.4538440137567     
   5290.8849897239288     
   5312.4297837038848     
   5334.0859700827714     
   5355.8513939391769     
   5377.7240012413922     
   5399.7018365926542     
   5421.7830395725159     
   5443.9658402387413     
   5466.2485541863098     
   5488.6295774369128     
   5511.1073813435505     
   5533.6805076301871     
   5556.3475636422381     
   5579.1072178511631     
   5601.9581956343536     
   5624.8992753377379     
   5647.9292846172411     
   5671.0470970502201     
   5694.2516290028489     
   5717.5418367388866     
   5740.9167137527384     
   5764.3752883107381     
   5787.9166211843003     
   5811.5398035597236     
   5835.2439551098514     
   5859.0282222140777     
   5882.8917763143399     
   5906.8338123951189     
   5930.8535475771205     
   5954.9502198149012     
   5979.1230866894630     
   6003.3714242878686     
   6027.6945261626197     
   6052.0917023637739     
   6076.5622785384212     
   6101.1055950913969     
   6125.7210064023975     
   6150.4078800952857     
   6175.1655963549256     
   6199.9935472884508     
   6224.8911363266889     
   6249.8577776635721     
   6274.8928957298940     
   6299.9959246993703     
   6325.1663080242406     
   6350.4034979985245     
   6375.7069553468655     
   6401.0761488370126     
   6426.5105549144137     
   6452.0096573574183     
   6477.5729469514781     
   6503.1999211814400     
   6528.8900839401176     
   6554.6429452528118     
   6580.4580210160420     
   6606.3348327501571     
   6632.2729073644114     
   6658.2717769342144     
   6684.3309784894973     
   6710.4500538135071     
   6736.6285492516154     
   6762.8660155292664     
   6789.1620075788860     
   6815.5160843746999     
   6841.9278087755847     
   6868.3967473751063     
   6894.9224703584232     
   6921.5045513657133     
   6948.1425673618769     
   6974.8360985118588     
   7001.5847280616063     
   7028.3880422241518     
   7055.2456300706499     
   7082.1570834262375     
   7109.1219967699972     
   7136.1399671394092     
   7163.2105940387210     
   7190.3334793510458     
   7217.5082272540803     
   7244.7344441393143     
   7272.0117385344583     
   7299.3397210289195     
   7326.7180042023274     
   7354.1462025557612     
   7381.6239324457956     
   7409.1508120209837     
   7436.7264611608089     
   7464.3505014170305     
   7492.0225559571954     
   7519.7422495102237     
   7547.5092083141408     
   7575.3230600656489     
   7603.1834338716908     
   7631.0899602025465     
   7659.0422708469132     
   7687.0399988684057     
   7715.0827785637275     
   7743.1702454222914     
   7771.3020360872742     
   7799.4777883180359     
   7827.6971409539256     
   7855.9597338793283     
   7884.2652079897134     
   7912.6132051592858     
   7941.0033682093772     
   7969.4353408780207     
   7997.9087677906900     
   8026.4232944317955     
   8054.9785671173686     
   8083.5742329686072     
   8112.2099398861119     
   8140.8853365252935     
   8169.6000722723420     
   8198.3537972211543     
   8227.1461621509097     
   8255.9768185044650     
   8284.8454183673948     
   8313.7516144477358     
   8342.6950600564069     
   8371.6754090883205     
   8400.6923160039132     
   8429.7454358115010     
   8458.8344240500483     
   8487.9589367725730     
   8517.1186305300489     
   8546.3131623557911     
   8575.5421897504038     
   8604.8053706672235     
   8634.1023634981593     
   8663.4328270599344     
   8692.7964205809858     
   8722.1928036884838     
   8751.6216363960139     
   8781.0825790915642     
   8810.5752925257621     
   8840.0994378007490     
   8869.6546763591668     
   8899.2406699736002     
   8928.8570807363867     
   8958.5035710496395     
   8988.1798036157325     
   9017.8854414279576     
   9047.6201477614813     
   9077.3835861647640     
   9107.1754204510871     
   9136.9953146903063     
   9166.8429332010328     
   9196.7179405430034     
   9226.6200015096820     
   9256.5487811209914     
   9286.5039446165920     
   9316.4851574489203     
   9346.4920852769956     
   9376.5243939598968     
   9406.5817495508727     
   9436.6638182913666     
   9466.7702666054010     
   9496.9007610941026     
   9527.0549685303649     
   9557.2325558537686     
   9587.4331901656587     
   9617.6565387242354     
   9647.9022689401172     
   9678.1700483717432     
   9708.4595447211868     
   9738.7704258299145     
   9769.1023596748346     
   9799.4550143644010     
   9829.8280581349063     
   9860.2211593469383     
   9890.6339864818110     
   9921.0662081383271     
   9951.5174930295707     
   9981.9875099797173     
   10012.475927921212     
   10042.982415891795     
   10073.506643031780     
   10104.048278581487     
   10134.606991878591     
   10165.182452355821     
   10195.774329538488     
   10226.382293042372     
   10257.006012571501     
   10287.645157916151     
   10318.299398950845     
   10348.968405632517     
   10379.651847998681     
   10410.349396165735     
   10441.060720327392     
   10471.785490753011     
   10502.523377786236     
   10533.274051843538     
   10564.037183412838     
   10594.812443052419     
   10625.599501389530     
   10656.398029119357     
   10687.207697003985     
   10718.028175871304     
   10748.859136614190     
   10779.700250189537     
   10810.551187617482     
   10841.411619980548     
   10872.281218423102     
   10903.159654150479     
   10934.046598428573     
   10964.941722583184     
   10995.844697999422     
   11026.755196121445     
   11057.672888451867     
   11088.597446551474     
   11119.528542038830     
   11150.465846590028     
   11181.409031938494     
   11212.357769874625     
   11243.311732245764     
   11274.270590956021     
   11305.234017966161     
   11336.201685293481     
   11367.173265011914     
   11398.148429251900     
   11429.126850200561     
   11460.108200101560     
   11491.092151255392     
   11522.078376019435     
   11553.066546808024     
   11584.056336092741     
   11615.047416402527     
   11646.039460323935     
   11677.032140501473     
   11708.025129637659     
   11739.018100493515     
   11770.010725888811     
   11801.002678702327     
   11831.993631872321     
   11862.983258396795     
   11893.971231334030     
   11924.957223802759     
   11955.940908982828     
   11986.921960115453     
   12017.900050503766     
   12048.874853513238     
   12079.846042572171     
   12110.813291172144     
   12141.776272868603     
   12172.734661281263     
   12203.688130094621     
   12234.636353058640     
   12265.579003989054     
   12296.515756768124     
   12327.446285344995     
   12358.370263736429     
   12389.287366027223     
   12420.197266370807     
   12451.099638989837     
   12481.994158176802     
   12512.880498294478     
   12543.758333776610     
   12574.627339128423     
   12605.487188927231     
   12636.337557822993     
   12667.178120538909     
   12698.008551871912     
   12728.828526693354     
   12759.637719949480     
   12790.435806662043     
   12821.222461928815     
   12851.997360924181     
   12882.760178899620     
   12913.510591184304     
   12944.248273185647     
   12974.972900389721     
   13005.684148361910     
   13036.381692747260     
   13067.065209271115     
   13097.734373739515     
   13128.388862039705     
   13159.028350140521     
   13189.652514092995     
   13220.261030030559     
   13250.853574169745     
   13281.429822810263     
   13311.989452335676     
   13342.532139213597     
   13373.057559996127     
   13403.565391320113     
   13434.055309907517     
   13464.526992565747     
   13494.980116187815     
   13525.414357752716     
   13555.829394325554     
   13586.224903057842     
   13616.600561187641     
   13646.956046039712     
   13677.291035025670     
   13707.605205644075     
   13737.898235480567     
   13768.169802207845     
   13798.419583585750     
   13828.647257461211     
   13858.852501768280     
   13889.034994528021     
   13919.194413848385     
   13949.330437924136     
   13979.442745036697     
   14009.531013553829     
   14039.594921929584     
   14069.634148703828     
   14099.648372502135     
   14129.637272035250     
   14159.600526098809     
   14189.537813572870     
   14219.448813421503     
   14249.333204692142     
   14279.190666515125     
   14309.020878103103     
   14338.823518750285     
   14368.598267831818     
   14398.344804803037     
   14428.062809198584     
   14457.751960631695     
   14487.411938793111     
   14517.042423450268     
   14546.643094446274     
   14576.213631698683     
   14605.753715198587     
   14635.263025009228     
   14664.741241264892     
   14694.188044169501     
   14723.603113995292     
   14752.986131081290     
   14782.336775831955     
   14811.654728715450     
   14840.939670262043     
   14870.191281062416     
   14899.409241765818     
   14928.593233078265     
   14957.742935760520     
   14986.858030626072     
   15015.938198539117     
   15044.983120412251     
   15073.992477204252     
   15102.965949917732     
   15131.903219596652     
   15160.803967323849     
   15189.667874218268     
   15218.494621432328     
   15247.283890149178     
   15276.035361579510     
   15304.748716958835     
   15333.423637544114     
   15362.059804610661     
   15390.656899448732     
   15419.214603360044     
   15447.732597654240     
   15476.210563645183     
   15504.648182647143     
   15533.045135970777     
   15561.401104919234     
   15589.715770783791     
   15617.988814839626     
   15646.219918341249     
   15674.408762518096     
   15702.555028569552     
   15730.658397660171     
   15758.718550914713     
   15786.735169412757     
   15814.707934183496     
   15842.636526200176     
   15870.520626374446     
   15898.359915550445     
   15926.154074498883     
   15953.902783910677     
   15981.605724390782     
   16009.262576451454     
   16036.873020505540     
   16064.436736859570     
   16091.953405706521     
   16119.422707118536     
   16146.844321039207     
   16174.217927275953     
   16201.543205491891     
   16228.819835197601     
   16256.047495742649     
   16283.225866306921     
   16310.354625891481     
   16337.433453309581     
   16364.462027176909     
   16391.440025902120     
   16418.367127676574     
   16445.243010463997     
   16472.067351990139     
   16498.839829731605     
   16525.560120904691     
   16552.227902453968     
   16578.842851040292     
   16605.404643028694     
   16631.912954475807     
   16658.367461117075     
   16684.767838353291     
   16711.113761237197     
   16737.404904459429     
   16763.640942333986     
   16789.821548783588     
   16815.946397324304     
   16842.015161050113     
   16868.027512616474     
   16893.983124224113     
   16919.881667601734     
   16945.722813988661     
   16971.506234116750     
   16997.231598191913     
   17022.898575875075     
   17048.506836262441     
   17074.056047865488     
   17099.545878590161     
   17124.975995715489     
   17150.346065871639     
   17175.655755017411     
   17200.904728416801     
   17226.092650615195     
   17251.219185414673     
   17276.283995848655     
   17301.286744155819     
   17326.227091753157     
   17351.104699208303     
   17375.919226211106     
   17400.670331544054     
   17425.357673052338     
   17449.980907612458     
   17474.539691100166     
   17499.033678357460     
   17523.462523158410     
   17547.825878174117     
   17572.123394936403     
   17596.354723800567     
   17620.519513906765     
   17644.617413140440     
   17668.648068091286     
   17692.611124010997     
   17716.506224769822     
   17740.333012811298     
   17764.091129106200     
   17787.780213104252     
   17811.399902684989     
   17834.949834106315     
   17858.429641952127     
   17881.838959077471     
   17905.177416552364     
   17928.444643603565     
   17951.640267554434     
   17974.763913762607     
   17997.815205555820     
   18020.793764165257     
   18043.699208656675     
   18066.531155859346     
   18089.289220292027     
   18111.973014086852     
   18134.582146910157     
   18157.116225880603     
   18179.574855484290     
   18201.957637486819     
   18224.264170842107     
   18246.494051597772     
   18268.646872797191     
   18290.722224377605     
   18312.719693064457     
   18334.638862261876     
   18356.479311938601     
   18378.240618509764     
   18399.922354713774     
   18421.524089484603     
   18443.045387818773     
   18464.485810636954     
   18485.844914640020     
   18507.122252159123     
   18528.317370999684     
   18549.429814278559     
   18570.459120254534     
   18591.404822151551     
   18612.266447974092     
   18633.043520314717     
   18653.735556153035     
   18674.342066645539     
   18694.862556906221     
   18715.296525776914     
   18735.643465587218     
   18755.902861903010     
   18776.074193263314     
   18796.156930904326     
   18816.150538470163     
   18836.054471709689     
   18855.868178157769     
   18875.591096800945     
   18895.222657725924     
   18914.762281749852     
   18934.209380031421     
   18953.563353661408     
   18972.823593230751     
   18991.989478375755     
   19011.060377297730     
   19030.035646255859     
   19048.914629031031     
   19067.696656359130     
   19086.381045330545     
   19104.967098754394     
   19123.454104484037     
   19141.841334701236     
   19160.128045155481     
   19178.313474355225     
   19196.396842706727     
   19214.377351596213     
   19232.254182410838     
   19250.026495492919     
   19267.693429021623     
   19285.254097815690     
   19302.707592049959     
   19320.052975877537     
   19337.289285949228     
   19354.415529819235     
   19371.430684227056     
   19388.333693242232     
   19405.123466258170     
   19421.798875819048     
   19438.358755261772     
   19454.801896152418     
   19471.127045494224     
   19487.332902680275     
   19503.418116160716     
   19519.381279789581     
   19535.220928811268     
   19550.935535439876     
   19566.523503977998     
   19581.983165411719     
   19597.312771409008     
   19612.510487634023     
   19627.574386276723     
   19642.502437675550     
   19657.292500888969     
   19671.942313042440     
   19686.449477241058     
   19700.811448793273     
   19715.025519432995     
   19729.088799156318     
   19742.998195193297     
   19756.750387514912     
   19770.341800114573     
   19783.768567090836     
   19797.026492271467     
   19810.111000727629     
   19823.017079983758     
   19835.739207961862     
   19848.271263596533     
   19860.606414430291     
   19872.736973076499     
   19884.654210487512     
   19896.348108900780     
   19907.807020975633     
   19919.017221306633     
   19929.962090415756     
   19940.621781352522     
   19950.967913537104     
   19960.978319269812     
   19970.550061850619     
   19979.833829847554     
   19987.851599141857     
   19997.202399298625     
   20001.002981618542     
   20014.281658272335     
   20014.825046140504     
   20032.630572007329     
   20032.666681382281     
   20052.576422093494     
   20052.578130383834     
   20073.887298721475     
   20073.887362621048     
   20096.359987996693     
   20096.359989969493     
   20119.862165188417     
   20119.862165239945     
   20144.303499579353     
   20144.303499580510     
   20169.618584198775     
   20169.618584198837     
   20195.758057843643     
   20195.758057843657     
   20222.683591214594     
   20222.683591214645     
   20250.364825786924     
   20250.364825786990     
   20278.777390497202     
   20278.777390497238     
   20307.901556440400     
   20307.901556440414     
   20337.721290559228     
   20337.721290559282     
   20368.223570166621     
   20368.223570166632     
   20399.397874354810     
   20399.397874354825     
   20431.235799147507     
   20431.235799147507     
   20463.730761564304     
   20463.730761564355     
   20496.877769090719     
   20496.877769090741     
   20530.673238284191     
   20530.673238284242     
   20565.114851005652     
   20565.114851005706     
   20600.201439981585     
   20600.201439981589     
   20635.932897619605     
   20635.932897619685     
   20672.310103565018     
   20672.310103565047     
   20709.334867608763     
   20709.334867608773     
   20747.009885381402     
   20747.009885381402     
   20785.338704877537     
   20785.338704877555     
   20824.325702317365     
   20824.325702317416     
   20863.976066211068     
   20863.976066211086     
   20904.295788767366     
   20904.295788767413     
   20945.291664015229     
   20945.291664015280     
   20986.971292186467     
   20986.971292186474     
   21029.343090063463     
   21029.343090063499     
   21072.416307127332     
   21072.416307127347     
   21116.201047459886     
   21116.201047459912     
   21160.708297463243     
   21160.708297463258     
   21205.949959563910     
   21205.949959563961     
   21251.938892173373     
   21251.938892173421     
   21298.688956282833     
   21298.688956282891     
   21346.215069184404     
   21346.215069184418     
   21394.533265932103     
   21394.533265932125     
   21443.660769295289     
   21443.660769295377     
   21493.616069111562     
   21493.616069111566     
   21544.419012124115     
   21544.419012124235     
   21596.090903602562     
   21596.090903602617     
   21648.654622285292     
   21648.654622285318     
   21702.134750483685     
   21702.134750483703     
   21756.557721535788     
   21756.557721535850     
   21811.951987226152     
   21811.951987226232     
   21868.348208309835     
   21868.348208309864     
   21925.779471916398     
   21925.779471916430     
   21984.281540401920     
   21984.281540401960     
   22043.893137198254     
   22043.893137198324     
   22104.656276445461     
   22104.656276445534     
   22166.616644752750     
   22166.616644752899     
   22229.824045420501     
   22229.824045420533     
   22294.332918014061     
   22294.332918014090     
   22360.202949492679     
   22360.202949492686     
   22427.499797442804     
   22427.499797442917     
   22496.295951713419     
   22496.295951713451     
   22566.671768448559     
   22566.671768448588     
   22638.716720952609     
   22638.716720952616     
   22712.530926157866     
   22712.530926157902     
   22788.227025453722     
   22788.227025453776     
   22865.932526953591     
   22865.932526953758     
   22945.792757103241     
   22945.792757103343     
   23027.974629568693     
   23027.974629568780     
   23112.671529576237     
   23112.671529576295     
   23200.109750840569     
   23200.109750840606     
   23290.557142284877     
   23290.557142284928     
   23384.334981403550     
   23384.334981403634     
   23481.834700692802     
   23481.834700692903     
   23583.542171462239     
   23583.542171462366     
   23690.074253221337     
   23690.074253221417     
   23802.236273107410     
   23802.236273107465     
   23921.117508851275     
   23921.117508851352     
   24048.261364273752     
   24048.261364273862     
   24185.998601379775     
   24185.998601379830     
   24338.192996599650     
   24338.192996599751     
   24512.294376622543     
   24512.294376622776     
   24727.656879762457     
   24727.656879762457     
