   2.4999218725641623     
   7.4996093530379957     
   12.498984289575171     
   17.498046652849535     
   22.496796413544235     
   27.495233542322996     
   32.493358009841771     
   37.491169786744756     
   42.488668843683236     
   47.485855151271579     
   52.482728680139452     
   57.479289400900491     
   62.475537284148189     
   67.471472300479178     
   72.467094420480834     
   77.462403614723158     
   82.457399853775073     
   87.452083108190081     
   92.446453348514638     
   97.440510545288191     
   102.43425466903722     
   107.42768569028259     
   112.42080357953340     
   117.41360830728922     
   122.40609984404320     
   127.39827816027365     
   132.39014322646062     
   137.38169501305919     
   142.37293349053013     
   147.36385862931303     
   152.35447039984680     
   157.34476877255909     
   162.33475371786210     
   167.32442520616812     
   172.31378320787329     
   177.30282769337276     
   182.29155863305115     
   187.27997599732709     
   192.26807975675186     
   197.25586988244282     
   202.24334634768854     
   207.23050913365995     
   212.21735824890746     
   217.20389379264481     
   222.19011615078617     
   227.17602657421048     
   232.16162880038269     
   237.14693336896684     
   242.13196849227197     
   247.11680588152433     
   252.10161834411176     
   257.08679954806883     
   262.07319393545453     
   267.06249822808928     
   272.05788460855592     
   277.06482678668868     
   282.09196114858599     
   287.15162541470312     
   292.25962989436835     
   297.43400910390699     
   302.69297636907487     
   308.05276060107417     
   313.52606921798321     
   319.12154640109293     
   324.84410553364131     
   330.69574257830538     
   336.67644752656963     
   342.78498474433241     
   349.01946481525795     
   355.37772062312570     
   361.85753400275041     
   368.45676101871538     
   375.17339371154048     
   382.00558440517051     
   388.95164920268985     
   396.01006071166427     
   403.17943581382195     
   410.45852171433700     
   417.84618198582922     
   425.34138345145033     
   432.94318426613040     
   440.65072329370469     
   448.46321074393455     
   456.37991997086266     
   464.40018031043462     
   472.52337083216941     
   480.74891488651684     
   489.07627534094382     
   497.50495041033696     
   506.03446999974602     
   514.66439248887184     
   523.39430189777113     
   532.22380538220614     
   541.15253101447809     
   550.18012581218318     
   559.30625398271184     
   568.53059535603199     
   577.85284398219528     
   587.27270687325722     
   596.78990287228442     
   606.40416163433906     
   616.11522270640967     
   625.92283469509061     
   635.82675451206273     
   645.82674668891002     
   655.92258275376980     
   666.11404066321882     
   676.40090428367887     
   686.78296291727531     
   697.26001086763119     
   707.83184704170105     
   718.49827458409970     
   729.25910054080055     
   740.11413554952128     
   751.06319355419350     
   762.10609154143810     
   773.24264929697381     
   784.47268918028328     
   795.79603591585578     
   807.21251639963168     
   818.72195951936487     
   830.32419598770775     
   842.01905818699277     
   853.80638002474132     
   865.68599679907447     
   877.65774507320668     
   889.72146255828522     
   901.87698800405428     
   914.12416109656681     
   926.46282236257957     
   938.89281308002421     
   951.41397519415591     
   964.02615123897772     
   976.72918426350896     
   989.52291776261393     
   1002.4071956120310     
   1015.3818620073281     
   1028.4467614065261     
   1041.6017384760860     
   1054.8466380401103     
   1068.1813050325122     
   1081.6055844519217     
   1095.1193213192150     
   1108.7223606374318     
   1122.4145473540100     
   1136.1957263251013     
   1150.0657422819047     
   1164.0244397988415     
   1178.0716632635360     
   1192.2072568483818     
   1206.4310644837087     
   1220.7429298323727     
   1235.1426962657301     
   1249.6302068409063     
   1264.2053042792631     
   1278.8678309460458     
   1293.6176288310446     
   1308.4545395303746     
   1323.3784042291147     
   1338.3890636849312     
   1353.4863582125065     
   1368.6701276688384     
   1383.9402114392487     
   1399.2964484241561     
   1414.7386770265209     
   1430.2667351399543     
   1445.8804601374281     
   1461.5796888605983     
   1477.3642576096506     
   1493.2340021336970     
   1509.1887576216657     
   1525.2283586936703     
   1541.3526393928257     
   1557.5614331774934     
   1573.8545729139512     
   1590.2318908694192     
   1606.6932187054840     
   1623.2383874718821     
   1639.8672276005732     
   1656.5795689001911     
   1673.3752405507578     
   1690.2540710987028     
   1707.2158884521655     
   1724.2605198765577     
   1741.3877919903648     
   1758.5975307612159     
   1775.8895615021577     
   1793.2637088681768     
   1810.7197968528924     
   1828.2576487855042     
   1845.8770873278743     
   1863.5779344718489     
   1881.3600115367119     
   1899.2231391668461     
   1917.1671373295076     
   1935.1918253128306     
   1953.2970217238842     
   1971.4825444869650     
   1989.7482108419711     
   2008.0938373429146     
   2026.5192398565823     
   2045.0242335612984     
   2063.6086329458058     
   2082.2722518082674     
   2101.0149032553722     
   2119.8363997015426     
   2138.7365528682358     
   2157.7151737833588     
   2176.7720727807487     
   2195.9070594997816     
   2215.1199428850105     
   2234.4105311859639     
   2253.7786319569291     
   2273.2240520568930     
   2292.7465976495168     
   2312.3460742031912     
   2332.0222864911466     
   2351.7750385916788     
   2371.6041338883624     
   2391.5093750703959     
   2411.4905641329456     
   2431.5475023776253     
   2451.6799904129398     
   2471.8878281548596     
   2492.1708148274151     
   2512.5287489633142     
   2532.9614284046788     
   2553.4686503037597     
   2574.0502111237370     
   2594.7059066395650     
   2615.4355319388110     
   2636.2388814226260     
   2657.1157488066792     
   2678.0659271221380     
   2699.0892087167476     
   2720.1853852558793     
   2741.3542477236342     
   2762.5955864240123     
   2783.9091909820854     
   2805.2948503451962     
   2826.7523527842177     
   2848.2814858948327     
   2869.8820365988181     
   2891.5537911454180     
   2913.2965351126691     
   2935.1100534088268     
   2956.9941302737670     
   2978.9485492804361     
   3000.9730933363412     
   3023.0675446850155     
   3045.2316849075760     
   3067.4652949242513     
   3089.7681549959648     
   3112.1400447259057     
   3134.5807430611717     
   3157.0900282943976     
   3179.6676780654052     
   3202.3134693628926     
   3225.0271785261366     
   3247.8085812467102     
   3270.6574525702154     
   3293.5735668980510     
   3316.5566979891933     
   3339.6066189619778     
   3362.7231022959259     
   3385.9059198335599     
   3409.1548427822790     
   3432.4696417161917     
   3455.8500865780193     
   3479.2959466809803     
   3502.8069907107229     
   3526.3829867272157     
   3550.0237021667344     
   3573.7289038437921     
   3597.4983579531199     
   3621.3318300716705     
   3645.2290851605730     
   3669.1898875672150     
   3693.2140010272092     
   3717.3011886664758     
   3741.4512130032740     
   3765.6638359502922     
   3789.9388188167063     
   3814.2759223102848     
   3838.6749065394961     
   3863.1355310156091     
   3887.6575546548493     
   3912.2407357805164     
   3936.8848321251498     
   3961.5896008326813     
   3986.3547984606121     
   4011.1801809822196     
   4036.0655037887082     
   4061.0105216914676     
   4086.0149889242548     
   4111.0786591454234     
   4136.2012854401964     
   4161.3826203228564     
   4186.6224157390452     
   4211.9204230680343     
   4237.2763931249665     
   4262.6900761631823     
   4288.1612218764803     
   4313.6895794014445     
   4339.2748973197367     
   4364.9169236604694     
   4390.6154059024675     
   4416.3700909766476     
   4442.1807252683793     
   4468.0470546198112     
   4493.9688243322589     
   4519.9457791685691     
   4545.9776633554966     
   4572.0642205861022     
   4598.2051940221791     
   4624.4003262965844     
   4650.6493595157481     
   4676.9520352620111     
   4703.3080945961119     
   4729.7172780595947     
   4756.1793256772617     
   4782.6939769596320     
   4809.2609709053895     
   4835.8800460038437     
   4862.5509402374455     
   4889.2733910841971     
   4916.0471355202062     
   4942.8719100221369     
   4969.7474505697483     
   4996.6734926483605     
   5023.6497712514010     
   5050.6760208829082     
   5077.7519755600752     
   5104.8773688157835     
   5132.0519337011183     
   5159.2754027879510     
   5186.5475081714721     
   5213.8679814727366     
   5241.2365538412796     
   5268.6529559576547     
   5296.1169180359766     
   5323.6281698265966     
   5351.1864406186014     
   5378.7914592424640     
   5406.4429540726323     
   5434.1406530301147     
   5461.8842835851501     
   5489.6735727597370     
   5517.5082471303549     
   5545.3880328305340     
   5573.3126555534900     
   5601.2818405548132     
   5629.2953126550619     
   5657.3527962424250     
   5685.4540152754189     
   5713.5986932854976     
   5741.7865533797603     
   5770.0173182435828     
   5798.2907101433284     
   5826.6064509290391     
   5854.9642620370796     
   5883.3638644928606     
   5911.8049789135448     
   5940.2873255107106     
   5968.8106240931083     
   5997.3745940693334     
   6025.9789544505657     
   6054.6234238532761     
   6083.3077205019554     
   6112.0315622318622     
   6140.7946664917326     
   6169.5967503465263     
   6198.4375304801933     
   6227.3167231983789     
   6256.2340444312358     
   6285.1892097361151     
   6314.1819343003845     
   6343.2119329441493     
   6372.2789201230571     
   6401.3826099310554     
   6430.5227161031626     
   6459.6989520182797     
   6488.9110307019264     
   6518.1586648290986     
   6547.4415667269877     
   6576.7594483778448     
   6606.1120214217426     
   6635.4989971594005     
   6664.9200865549828     
   6694.3750002389106     
   6723.8634485107114     
   6753.3851413417769     
   6782.9397883782594     
   6812.5270989438468     
   6842.1467820426233     
   6871.7985463618943     
   6901.4821002750186     
   6931.1971518442660     
   6960.9434088236676     
   6990.7205786618288     
   7020.5283685048125     
   7050.3664851990316     
   7080.2346352940031     
   7110.1325250453283     
   7140.0598604174584     
   7170.0163470866564     
   7200.0016904437825     
   7230.0155955972350     
   7260.0577673757944     
   7290.1279103315210     
   7320.2257287426355     
   7350.3509266163819     
   7380.5032076919742     
   7410.6822754434070     
   7440.8878330824646     
   7471.1195835615035     
   7501.3772295764320     
   7531.6604735695792     
   7561.9690177326274     
   7592.3025640094811     
   7622.6608140992357     
   7653.0434694590613     
   7683.4502313070934     
   7713.8808006254239     
   7744.3348781629629     
   7774.8121644383800     
   7805.3123597430713     
   7835.8351641440049     
   7866.3802774867509     
   7896.9473993983747     
   7927.5362292903319     
   7958.1464663614788     
   7988.7778096009915     
   8019.4299577912780     
   8050.1026095109801     
   8080.7954631378652     
   8111.5082168518320     
   8142.2405686378324     
   8172.9922162888042     
   8203.7628574087103     
   8234.5521894153826     
   8265.3599095436075     
   8296.1857148479794     
   8327.0293022059141     
   8357.8903683206663     
   8388.7686097241985     
   8419.6637227802184     
   8450.5754036871349     
   8481.5033484810210     
   8512.4472530386374     
   8543.4068130803153     
   8574.3817241730667     
   8605.3716817334152     
   8636.3763810305009     
   8667.3955171890557     
   8698.4287851922563     
   8729.4758798849125     
   8760.5364959762810     
   8791.6103280431817     
   8822.6970705328840     
   8853.7964177661615     
   8884.9080639403273     
   8916.0317031320956     
   8947.1670293007392     
   8978.3137362909438     
   9009.4715178359165     
   9040.6400675603272     
   9071.8190789833116     
   9103.0082455215270     
   9134.2072604920668     
   9165.4158171155705     
   9196.6336085190942     
   9227.8603277393013     
   9259.0956677252743     
   9290.3393213416766     
   9321.5909813716735     
   9352.8503405199717     
   9384.1170914158411     
   9415.3909266161099     
   9446.6715386081723     
   9477.9586198130328     
   9509.2518625883076     
   9540.5509592311737     
   9571.8556019815169     
   9603.1654830248317     
   9634.4802944952953     
   9665.7997284787652     
   9697.1234770158026     
   9728.4512321047005     
   9759.7826857044911     
   9791.1175297379341     
   9822.4554560946071     
   9853.7961566338654     
   9885.1393231879028     
   9916.4846475647537     
   9947.8318215512554     
   9979.1805369162230     
   10010.530485413283     
   10041.881358784074     
   10073.232848761072     
   10104.584647070827     
   10135.936445436822     
   10167.287935582552     
   10198.638809234559     
   10229.988758125422     
   10261.337473996824     
   10292.684648602526     
   10324.029973711387     
   10355.373141110436     
   10386.713842607845     
   10418.051770036007     
   10449.386615254456     
   10480.718070152976     
   10512.045826654616     
   10543.369576718645     
   10574.689012343630     
   10606.003825570460     
   10637.313708485330     
   10668.618353222737     
   10699.917451968569     
   10731.210696963080     
   10762.497780503909     
   10793.778394949086     
   10825.052232720083     
   10856.318986304759     
   10887.578348260466     
   10918.830011217004     
   10950.073667879622     
   10981.309011032083     
   11012.535733539609     
   11043.753528351945     
   11074.962088506378     
   11106.161107130649     
   11137.350277446067     
   11168.529292770478     
   11199.697846521251     
   11230.855632218301     
   11262.002343487111     
   11293.137674061642     
   11324.261317787510     
   11355.372968624779     
   11386.472320651126     
   11417.559068064716     
   11448.632905187325     
   11479.693526467181     
   11510.740626482091     
   11541.773899942364     
   11572.793041693834     
   11603.797746720813     
   11634.787710149109     
   11665.762627248985     
   11696.722193438194     
   11727.666104284906     
   11758.594055510708     
   11789.505742993601     
   11820.400862770959     
   11851.279111042519     
   11882.140184173330     
   11912.983778696776     
   11943.809591317480     
   11974.617318914339     
   12005.406658543428     
   12036.177307441043     
   12066.928963026614     
   12097.661322905631     
   12128.374084872703     
   12159.066946914409     
   12189.739607212361     
   12220.391764146056     
   12251.023116295908     
   12281.633362446137     
   12312.222201587758     
   12342.789332921506     
   12373.334455860795     
   12403.857270034645     
   12434.357475290608     
   12464.834771697746     
   12495.288859549517     
   12525.719439366740     
   12556.126211900515     
   12586.508878135133     
   12616.867139291029     
   12647.200696827691     
   12677.509252446553     
   12707.792508093951     
   12738.050165964047     
   12768.281928501652     
   12798.487498405251     
   12828.666578629827     
   12858.818872389798     
   12888.944083161914     
   12919.041914688136     
   12949.112070978559     
   12979.154256314294     
   13009.168175250319     
   13039.153532618431     
   13069.110033530094     
   13099.037383379296     
   13128.935287845456     
   13158.803452896313     
   13188.641584790739     
   13218.449390081687     
   13248.226575618950     
   13277.972848552119     
   13307.687916333409     
   13337.371486720476     
   13367.023267779326     
   13396.642967887108     
   13426.230295734993     
   13455.784960331055     
   13485.306671002947     
   13514.795137400963     
   13544.250069500682     
   13573.671177605904     
   13603.058172351368     
   13632.410764705712     
   13661.728665974179     
   13691.011587801457     
   13720.259242174496     
   13749.471341425320     
   13778.647598233769     
   13807.787725630411     
   13836.891436999209     
   13865.958446080389     
   13894.988466973189     
   13923.981214138656     
   13952.936402402420     
   13981.853746957473     
   14010.732963366891     
   14039.573767566662     
   14068.375875868442     
   14097.139004962211     
   14125.862871919178     
   14154.547194194414     
   14183.191689629602     
   14211.796076455872     
   14240.360073296391     
   14268.883399169204     
   14297.365773489926     
   14325.806916074436     
   14354.206547141608     
   14382.564387316033     
   14410.880157630731     
   14439.153579529788     
   14467.384374871190     
   14495.572265929284     
   14523.716975397814     
   14551.818226392264     
   14579.875742452483     
   14607.889247545934     
   14635.858466069691     
   14663.783122853494     
   14691.662943162104     
   14719.497652698334     
   14747.286977605472     
   14775.030644469834     
   14802.728380323588     
   14830.379912647291     
   14857.984969372514     
   14885.543278884479     
   14913.054570024673     
   14940.518572093426     
   14967.935014852579     
   14995.303628527961     
   15022.624143812131     
   15049.896291866846     
   15077.119804325675     
   15104.294413296566     
   15131.419851364459     
   15158.495851593791     
   15185.522147531043     
   15212.498473207343     
   15239.424563140978     
   15266.300152339902     
   15293.124976304291     
   15319.898771029095     
   15346.621273006522     
   15373.292219228542     
   15399.911347189391     
   15426.478394888094     
   15452.993100830967     
   15479.455204033995     
   15505.864444025459     
   15532.220560848300     
   15558.523295062576     
   15584.772387748008     
   15610.967580506338     
   15637.108615463838     
   15663.195235273684     
   15689.227183118410     
   15715.204202712330     
   15741.126038303933     
   15766.992434678310     
   15792.803137159537     
   15818.557891613053     
   15844.256444448063     
   15869.898542619867     
   15895.483933632275     
   15921.012365539947     
   15946.483586950713     
   15971.897347027963     
   15997.253395492913     
   16022.551482626979     
   16047.791359274090     
   16072.972776842929     
   16098.095487309332     
   16123.159243218477     
   16148.163797687215     
   16173.108904406336     
   16197.994317642801     
   16222.819792242028     
   16247.585083630103     
   16272.289947816018     
   16296.934141393882     
   16321.517421545186     
   16346.039546040915     
   16370.500273243795     
   16394.899362110478     
   16419.236572193684     
   16443.511663644367     
   16467.724397213849     
   16491.874534256014     
   16515.961836729366     
   16539.986067199156     
   16563.946988839529     
   16587.844365435565     
   16611.677961385376     
   16635.447541702186     
   16659.152872016348     
   16682.793718577421     
   16706.369848256189     
   16729.881028546708     
   16753.327027568237     
   16776.707614067251     
   16800.022557419499     
   16823.271627631875     
   16846.454595344363     
   16869.571231832069     
   16892.621309006983     
   16915.604599420101     
   16938.520876263028     
   16961.369913370178     
   16984.151485220347     
   17006.865366938753     
   17029.511334298750     
   17052.089163723667     
   17074.598632288646     
   17097.039517722340     
   17119.411598408740     
   17141.714653388848     
   17163.948462362481     
   17186.112805689911     
   17208.207464393570     
   17230.232220159687     
   17252.186855340002     
   17274.071152953293     
   17295.884896687057     
   17317.627870899083     
   17339.299860618950     
   17360.900651549633     
   17382.430030068957     
   17403.887783231177     
   17425.273698768346     
   17446.587565091802     
   17467.829171293604     
   17488.998307147864     
   17510.094763112171     
   17531.118330328918     
   17552.068800626581     
   17572.945966520998     
   17593.749621216659     
   17614.479558607942     
   17635.135573280211     
   17655.717460511056     
   17676.225016271397     
   17696.658037226574     
   17717.016320737413     
   17737.299664861239     
   17757.507868352808     
   17777.640730665415     
   17797.698051951618     
   17817.679633064243     
   17837.585275557121     
   17857.414781685937     
   17877.167954408942     
   17896.844597387670     
   17916.444514987554     
   17935.967512278596     
   17955.413395035896     
   17974.781969740114     
   17994.073043577966     
   18013.286424442613     
   18032.421920934048     
   18051.479342359307     
   18070.458498732696     
   18089.359200776107     
   18108.181259918900     
   18126.924488298097     
   18145.588698758285     
   18164.173704851528     
   18182.679320837233     
   18201.105361681843     
   18219.451643058499     
   18237.717981346737     
   18255.904193631886     
   18274.010097704537     
   18292.035512059909     
   18309.980255896993     
   18327.844149117824     
   18345.627012326408     
   18363.328666827776     
   18380.948934626682     
   18398.487638426453     
   18415.944601627521     
   18433.319648325916     
   18450.612603311667     
   18467.823292066951     
   18484.951540764283     
   18501.997176264365     
   18518.960026113989     
   18535.839918543625     
   18552.636682464941     
   18569.350147468089     
   18585.980143818924     
   18602.526502455970     
   18618.989054987160     
   18635.367633686456     
   18651.662071490246     
   18667.872201993549     
   18683.997859445859     
   18700.038878747033     
   18715.995095442620     
   18731.866345719227     
   18747.652466399333     
   18763.353294936132     
   18778.968669407841     
   18794.498428511804     
   18809.942411558342     
   18825.300458464157     
   18840.572409745459     
   18855.758106510668     
   18870.857390452878     
   18885.870103841746     
   18900.796089515090     
   18915.635190870042     
   18930.387251853597     
   18945.052116952927     
   18959.629631184987     
   18974.119640085693     
   18988.521989698485     
   19002.836526562380     
   19017.063097699345     
   19031.201550601047     
   19045.251733214911     
   19059.213493929525     
   19073.086681559216     
   19086.871145327801     
   19100.566734851727     
   19114.173300121987     
   19127.690691485361     
   19141.118759624729     
   19154.457355537983     
   19167.706330516346     
   19180.865536121106     
   19193.934824159438     
   19206.914046658731     
   19219.803055839751     
   19232.601704088156     
   19245.309843924631     
   19257.927327973379     
   19270.454008928911     
   19282.889739520950     
   19295.234372477553     
   19307.487760485983     
   19319.649756151768     
   19331.720211954980     
   19343.698980204525     
   19355.585912989547     
   19367.380862128179     
   19379.083679113392     
   19390.694215055537     
   19402.212320621766     
   19413.637845971687     
   19424.970640689411     
   19436.210553711360     
   19447.357433249839     
   19458.411126711959     
   19469.371480613514     
   19480.238340487693     
   19491.011550787953     
   19501.690954784819     
   19512.276394456178     
   19522.767710370481     
   19533.164741562396     
   19543.467325400299     
   19553.675297445017     
   19563.788491299107     
   19573.806738445957     
   19583.729868077895     
   19593.557706912306     
   19603.290078995065     
   19612.926805489842     
   19622.467704452534     
   19631.912590588956     
   19641.261274995151     
   19650.513564877969     
   19659.669263254778     
   19668.728168630012     
   19677.690074646700     
   19686.554769710558     
   19695.322036583722     
   19703.991651945933     
   19712.563385919111     
   19721.037001552260     
   19729.412254262374     
   19737.688891226957     
   19745.866650722757     
   19753.945261405253     
   19761.924441522115     
   19769.803898053218     
   19777.583325768963     
   19785.262406197020     
   19792.840806486747     
   19800.318178158344     
   19807.694155722707     
   19814.968355154648     
   19822.140372200480     
   19829.209780497124     
   19836.176129476549     
   19843.038942024181     
   19849.797711855237     
   19856.451900565393     
   19863.000934304404     
   19869.444200011218     
   19875.781041136106     
   19882.010752760252     
   19888.132576003092     
   19894.145691582704     
   19900.049212362679     
   19905.842174677451     
   19911.523528174046     
   19917.092123836468     
   19922.546699764483     
   19927.885864148546     
   19933.108074705175     
   19938.211613589730     
   19943.194556449824     
   19948.054733770627     
   19952.789681903065     
   19957.396580006331     
   19961.872167317117     
   19966.212632204952     
   19970.413459456096     
   19974.469213611086     
   19978.373216504831     
   19982.117075300004     
   19985.689629720408     
   19989.077411321225     
   19992.247019847677     
   19995.230373319682     
   19997.621290241063     
   20000.662863278136     
   20001.349434380707     
   20006.238160157176     
   20006.274998332319     
   20012.648571234109     
   20012.649342205827     
   20019.889817017593     
   20019.889826104161     
   20027.872042588071     
   20027.872042654104     
   20036.552113246802     
   20036.552113247111     
   20045.916226068050     
   20045.916226068082     
   20055.969532093666     
   20055.969532093681     
   20066.732231806523     
   20066.732231806549     
   20078.238714329051     
   20078.238714329051     
   20090.538658381487     
   20090.538658381516     
   20103.699972589617     
   20103.699972589657     
   20117.814072047750     
   20117.814072047757     
   20133.004753295798     
   20133.004753295842     
   20149.443344322179     
   20149.443344322190     
   20167.375990439508     
   20167.375990439516     
   20187.177246826657     
   20187.177246826766     
   20209.469952393476     
   20209.469952393531     
   20235.454605433046     
   20235.454605433115     
   20268.239890892550     
   20268.239890892572     
