   49.999687505154874     
   149.99843781689702     
   249.99594511882711     
   349.99229956941718     
   449.98835389236820     
   549.99009742688315     
   650.02964279514185     
   750.23957477306271     
   851.03885921426570     
   953.42441167381037     
   1059.1502619960479     
   1170.4736116259221     
   1289.5218409396214     
   1417.7821750368257     
   1556.0356600796292     
   1704.5793279260461     
   1863.4654681816617     
   2032.6498510014771     
   2212.0614891520740     
   2401.6298302142732     
   2601.2932635432066     
   2811.0004578350217     
   3030.7093213397952     
   3260.3854045581256     
   3500.0003712975517     
   3749.5307122102295     
   4008.9567152625259     
   4278.2616585621672     
   4557.4311820139401     
   4846.4527983775333     
   5145.3155116306980     
   5454.0095176256746     
   5772.5259679147348     
   6100.8567822530376     
   6438.9944987967683     
   6786.9321536612906     
   7144.6631834871750     
   7512.1813461543652     
   7889.4806558922428     
   8276.5553298818068     
   8673.3997440880466     
   9080.0083965447593     
   9496.3758766881401     
   9922.4968396304757     
   10358.365984485787     
   10803.978036031300     
   11259.327729137009     
   11724.409795490747     
   12199.218952245705     
   12683.749892277638     
   13177.997275795909     
   13681.955723100709     
   14195.619808309531     
   14718.984053911716     
   15252.042926025240     
   15794.790830258598     
   16347.222108091575     
   16909.331033700670     
   17481.111811170278     
   18062.558572041256     
   18653.665373143900     
   19254.426194689961     
   19864.834938577889     
   20484.885426898883     
   21114.571400603843     
   21753.886518327010     
   22402.824355333218     
   23061.378402585811     
   23729.542065914477     
   24407.308665275035     
   25094.671434087475     
   25791.623518647255     
   26498.157977601950     
   27214.267781479328     
   27939.945812274487     
   28675.184863075123     
   29419.977637732605     
   30174.316750568250     
   30938.194726112579     
   31711.603998875664     
   32494.536913144097     
   33286.985722801866     
   34088.942591174571     
   34900.399590893758     
   35721.348703778982     
   36551.781820737211     
   37391.690741677310     
   38241.067175439217     
   39099.902739734520     
   39968.188961100896     
   40845.917274865402     
   41733.079025118437     
   42629.665464697566     
   43535.667755179034     
   44451.076966877197     
   45375.884078851079     
   46310.079978918387     
   47253.655463675925     
   48206.601238522897     
   49168.907917694814     
   50140.566024297972     
   51121.565990350311     
   52111.898156827934     
   53111.552773712909     
   54120.520000048280     
   55138.789903994562     
   56166.352462888695     
   57203.197563311667     
   58249.315001151626     
   59304.694481676277     
   60369.325619604460     
   61443.197939182079     
   62526.300874259920     
   63618.623768374229     
   64720.155874828415     
   65830.886356779563     
   66950.804287324034     
   68079.898649587238     
   69218.158336814842     
   70365.572152465204     
   71522.128810303722     
   72687.816934500879     
   73862.625059728976     
   75046.541631262124     
   76239.555005078204     
   77441.653447962657     
   78652.825137610402     
   79873.058162734611     
   81102.340523171981     
   82340.660129993368     
   83588.004805612582     
   84844.362283897994     
   86109.720210286265     
   87384.066141895819     
   88667.387547641192     
   89959.671808351675     
   91260.906216887175     
   92571.077978257963     
   93890.174209744655     
   95218.181941019546     
   96555.088114269078     
   97900.879584316426     
   99255.543118747868     
   100619.06539803608     
   101991.43301566917     
   103372.63247827657     
   104762.65020575929     
   106161.47253141932     
   107569.08570208999     
   108985.47587826820     
   110410.62913424733     
   111844.53145825224     
   113287.16875257154     
   114738.52683369583     
   116198.59143245325     
   117667.34819414803     
   119144.78267869884     
   120630.88036077791     
   122125.62662995289     
   123629.00679082693     
   125141.00606318285     
   126661.60958212390     
   128190.80239822144     
   129728.56947765774     
   131274.89570237225     
   132829.76587021042     
   134393.16469506832     
   135965.07680704538     
   137545.48675259118     
   139134.37899465638     
   140731.73791284615     
   142337.54780356883     
   143951.79288019449     
   145574.45727320228     
   147205.52503034114     
   148844.98011678181     
   150492.80641527625     
   152148.98772631233     
   153813.50776827426     
   155486.35017760107     
   157167.49850894578     
   158856.93623533746     
   160554.64674834243     
   162260.61335822666     
   163974.81929411861     
   165697.24770417405     
   167427.88165574224     
   169166.70413552824     
   170913.69804976281     
   172668.84622436829     
   174432.13140512747     
   176203.53625785193     
   177983.04336855270     
   179770.63524360993     
   181566.29430994522     
   183370.00291519452     
   185181.74332787824     
   187001.49773757855     
   188829.24825511279     
   190664.97691270703     
   192508.66566417538     
   194360.29638509493     
   196219.85087298462     
   198087.31084748276     
   199962.65795052599     
   201845.87374653286     
   203736.93972257993     
   205635.83728858628     
   207542.54777749593     
   209457.05244545970     
   211379.33247202088     
   213309.36896029668     
   215247.14293716900     
   217192.63535346629     
   219145.82708415110     
   221106.69892851097     
   223075.23161034199     
   225051.40577814274     
   227035.20200530178     
   229026.60079028815     
   231025.58255684451     
   233032.12765417769     
   235046.21635715340     
   237067.82886648818     
   239096.94530894485     
   241133.54573752804     
   243177.61013167846     
   245229.11839747179     
   247288.05036781426     
   249354.38580264128     
   251428.10438911643     
   253509.18574183097     
   255597.60940300472     
   257693.35484268432     
   259796.40145894917     
   261906.72857810996     
   264024.31545491394     
   266149.14127274806     
   268281.18514384411     
   270420.42610948236     
   272566.84314019908     
   274720.41513599217     
   276881.12092652993     
   279048.93927135644     
   281223.84886010335     
   283405.82831269584     
   285594.85617956723     
   287790.91094186419     
   289993.97101166367     
   292204.01473218034     
   294421.02037798299     
   296644.96615520545     
   298875.83020176331     
   301113.59058756509     
   303358.22531473159     
   305609.71231780993     
   307868.02946399053     
   310133.15455332509     
   312405.06531894527     
   314683.73942727951     
   316969.15447827533     
   319261.28800561558     
   321560.11747694499     
   323865.62029408448     
   326177.77379326068     
   328496.55524532154     
   330821.94185596576     
   333153.91076596314     
   335492.43905137834     
   337837.50372380251     
   340189.08173057134     
   342547.14995499584     
   344911.68521658960     
   347282.66427129431     
   349660.06381171179     
   352043.86046732956     
   354434.03080475237     
   356830.55132793111     
   359233.39847839682     
   361642.54863548814     
   364057.97811658663     
   366479.66317734745     
   368907.58001193521     
   371341.70475325524     
   373782.01347318862     
   376228.48218283051     
   378681.08683272102     
   381139.80331308517     
   383604.60745406843     
   386075.47502597608     
   388552.38173950696     
   391035.30324599909     
   393524.21513766091     
   396019.09294781805     
   398519.91215115052     
   401026.64816393435     
   403539.27634428249     
   406057.77199238847     
   408582.11035076884     
   411112.26660450536     
   413648.21588149015     
   416189.93325266917     
   418737.39373228891     
   421290.57227813918     
   423849.44379180332     
   426413.98311889934     
   428984.16504933359     
   431559.96431754390     
   434141.35560274898     
   436728.31352919858     
   439320.81266642030     
   441918.82752947375     
   444522.33257919730     
   447131.30222246080     
   449745.71081241581     
   452365.53264874907     
   454990.74197793612     
   457621.31299349072     
   460257.21983622300     
   462898.43659448926     
   465544.93730445183     
   468196.69595032826     
   470853.68646465195     
   473515.88272852561     
   476183.25857188029     
   478855.78777372959     
   481533.44406243094     
   484216.20111593965     
   486904.03256207268     
   489596.91197876300     
   492294.81289432308     
   494997.70878770272     
   497705.57308875030     
   500418.37917847489     
   503136.10038930702     
   505858.71000536042     
   508586.18126269733     
   511318.48734958621     
   514055.60140677146     
   516797.49652773282     
   519544.14575895277     
   522295.52210017893     
   525051.59850469336     
   527812.34787957254     
   530577.74308595969     
   533347.75693932723     
   536122.36220974801     
   538901.53162215778     
   541685.23785662826     
   544473.45354863256     
   547266.15128931613     
   550063.30362576409     
   552864.88306127221     
   555670.86205562053     
   558481.21302533546     
   561295.90834397136     
   564114.92034237331     
   566938.22130895546     
   569765.78348996863     
   572597.57908977708     
   575433.58027112822     
   578273.75915543060     
   581118.08782302251     
   583966.53831344971     
   586819.08262574323     
   589675.69271868537     
   592536.34051109746     
   595400.99788210471     
   598269.63667141960     
   601142.22867961705     
   604018.74566841067     
   606899.15936093079     
   609783.44144200266     
   612671.56355842506     
   615563.49731924804     
   618459.21429605270     
   621358.68602323125     
   624261.88399826421     
   627168.77968200576     
   630079.34449895786     
   632993.54983755527     
   635911.36705044727     
   638832.76745477598     
   641757.72233245999     
   644686.20293047943     
   647618.18046115316     
   650553.62610242621     
   653492.51099815010     
   656434.80625836982     
   659380.48295960459     
   662329.51214513415     
   665281.86482528260     
   668237.51197770284     
   671196.42454766342     
   674158.57344833203     
   677123.92956106586     
   680092.46373569069     
   683064.14679079317     
   686038.94951400708     
   689016.84266229684     
   691997.79696224898     
   694981.78311036003     
   697968.77177331806     
   700958.73358830088     
   703951.63916325627     
   706947.45907719829     
   709946.16388048814     
   712947.72409512976     
   715952.11021505902     
   718959.29270643217     
   721969.24200791493     
   724981.92853097536     
   727997.32266017736     
   731015.39475346415     
   734036.11514245602     
   737059.45413274120     
   740085.38200416521     
   743113.86901112285     
   746144.88538285508     
   749178.40132373828     
   752214.38701357553     
   755252.81260789512     
   758293.64823823655     
   761336.86401245184     
   764382.43001499341     
   767430.31630721269     
   770480.49292764964     
   773532.92989233218     
   776587.59719506651     
   779644.46480773634     
   782703.50268059527     
   785764.68074256124     
   788827.96890151640     
   791893.33704459760     
   794960.75503849704     
   798030.19272975507     
   801101.61994506058     
   804175.00649154070     
   807250.32215706643     
   810327.53671054251     
   813406.61990220833     
   816487.54146393435     
   819570.27110951755     
   822654.77853498352     
   825741.03341888194     
   828829.00542258157     
   831918.66419057536     
   835009.97935077385     
   838102.92051480315     
   841197.45727830683     
   844293.55922124384     
   847391.19590818824     
   850490.33688862342     
   853590.95169724675     
   856693.00985427224     
   859796.48086571833     
   862901.33422371896     
   866007.53940681939     
   869115.06588027440     
   872223.88309635059     
   875333.96049462864     
   878445.26750229916     
   881557.77353446488     
   884671.44799444382     
   887786.26027406694     
   890902.17975398013     
   894019.17580394750     
   897137.21778314654     
   900256.27504047484     
   903376.31691485213     
   906497.31273551367     
   909619.23182232259     
   912742.04348606314     
   915865.71702874638     
   918990.22174390987     
   922115.52691692219     
   925241.60182528256     
   928368.41573892324     
   931495.93792051217     
   934624.13762575435     
   937752.98410369549     
   940882.44659702352     
   944012.49434236903     
   947143.09657061205     
   950274.22250718030     
   953405.84137235279     
   956537.92238156463     
   959670.43474570708     
   962803.34767143033     
   965936.63036144932     
   969070.25201484107     
   972204.18182735227     
   975338.38899170188     
   978472.84269787895     
   981607.51213345118     
   984742.36648386484     
   987877.37493274931     
   991012.50666221755     
   994147.73085317214     
   997283.01668560831     
   1000418.3333389097     
   1003553.6499921629     
   1006688.9358244522     
   1009824.1600151630     
   1012959.2917442910     
   1016094.3001927371     
   1019229.1545426140     
   1022363.8239775529     
   1025498.2776829982     
   1028632.4848465183     
   1031766.4146581041     
   1034900.0363104711     
   1038033.3189993678     
   1041166.2319238711     
   1044298.7442866944     
   1047430.8252944903     
   1050562.4441581478     
   1053693.5700931039     
   1056824.1723196334     
   1059954.2200631688     
   1063083.6825545873     
   1066212.5290305209     
   1069340.7287336560     
   1072468.2509130388     
   1075595.0648243730     
   1078721.1397303271     
   1081846.4449008347     
   1084970.9496133924     
   1088094.6231533706     
   1091217.4348143050     
   1094339.3538982070     
   1097460.3497158608     
   1100580.3915871289     
   1103699.4488412477     
   1106817.4908171371     
   1109934.4868636874     
   1113050.4063400866     
   1116165.2186160900     
   1119278.8930723497     
   1122391.3991006918     
   1125502.7061044329     
   1128612.7834986805     
   1131721.6007106216     
   1134829.1271798385     
   1137935.3323585950     
   1141040.1857121463     
   1144143.6567190385     
   1147245.7148714042     
   1150346.3296752633     
   1153445.4706508259     
   1156543.1073327903     
   1159639.2092706400     
   1162733.7460289518     
   1165826.6871876775     
   1168918.0023424658     
   1172007.6611049413     
   1175095.6331030126     
   1178181.8879811710     
   1181266.3954007886     
   1184349.1250404122     
   1187430.0465960659     
   1190509.1297815491     
   1193586.3443287299     
   1196661.6599878485     
   1199735.0465278074     
   1202806.4737364762     
   1205875.9114209863     
   1208943.3294080209     
   1212008.6975441223     
   1215071.9856959810     
   1218133.1637507342     
   1221192.2016162623     
   1224249.0692214835     
   1227303.7365166519     
   1230356.1734736480     
   1233406.3500862799     
   1236454.2363705724     
   1239499.8023650663     
   1242543.0181311129     
   1245583.8537531621     
   1248622.2793390658     
   1251658.2650203663     
   1254691.7809525838     
   1257722.7973155288     
   1260751.2843135700     
   1263777.2121759511     
   1266800.5511570675     
   1269821.2715367612     
   1272839.3436206193     
   1275854.7377402629     
   1278867.4242536349     
   1281877.3735452970     
   1284884.5560267165     
   1287888.9421365578     
   1290890.5023409780     
   1293889.2071339116     
   1296885.0270373588     
   1299877.9326016852     
   1302867.8944058991     
   1305854.8830579503     
   1308838.8691950128     
   1311819.8234837754     
   1314797.7166207347     
   1317772.5193324741     
   1320744.2023759584     
   1323712.7365388195     
   1326678.0926396435     
   1329640.2415282554     
   1332599.1540860112     
   1335554.8012260767     
   1338507.1538937178     
   1341456.1830665891     
   1344401.8597550134     
   1347344.1550022671     
   1350283.0398848732     
   1353218.4855128690     
   1356150.4630301059     
   1359078.9436145306     
   1362003.8984784607     
   1364925.2988688727     
   1367843.1160676836     
   1370757.3213920374     
   1373667.8861945791     
   1376574.7818637434     
   1379477.9798240294     
   1382377.4515362929     
   1385273.1684980104     
   1388165.1022435729     
   1391053.2243445609     
   1393937.5064100227     
   1396817.9200867540     
   1399694.4370595796     
   1402567.0290516277     
   1405435.6678246111     
   1408300.3251791049     
   1411160.9729548157     
   1414017.5830308720     
   1416870.1273260848     
   1419718.5777992464     
   1422562.9064493794     
   1425403.0853160284     
   1428239.0864795279     
   1431070.8820612903     
   1433898.4442240563     
   1436721.7451721865     
   1439540.7571519364     
   1442355.4524517148     
   1445165.8034023643     
   1447971.7823774363     
   1450773.3617934580     
   1453570.5141102055     
   1456363.2118309713     
   1459151.4275028408     
   1461935.1337169553     
   1464714.3031087888     
   1467488.9083584065     
   1470258.9221907468     
   1473024.3173758758     
   1475785.0667292657     
   1478541.1431120555     
   1481292.5194313228     
   1484039.1686403446     
   1486781.0637388660     
   1489518.1777733676     
   1492250.4838373272     
   1494977.9550714840     
   1497700.5646641084     
   1500418.2858512553     
   1503131.0919170380     
   1505838.9561938839     
   1508541.8520627988     
   1511239.7529536283     
   1513932.6323453204     
   1516620.4637661842     
   1519303.2207941487     
   1521980.8770570275     
   1524653.4062327745     
   1527320.7820497435     
   1529982.9782869432     
   1532639.9687743040     
   1535291.7273929236     
   1537938.2280753325     
   1540579.4448057462     
   1543215.3516203209     
   1545845.9226074095     
   1548471.1319078219     
   1551090.9537150646     
   1553705.3622756109     
   1556314.3318891453     
   1558917.8369088119     
   1561515.8517414802     
   1564108.3508479840     
   1566695.3087433754     
   1569276.6999971834     
   1571852.4992336489     
   1574422.6811319890     
   1576987.2204266377     
   1579546.0919074954     
   1582099.2704201757     
   1584646.7308662583     
   1587188.4482035290     
   1589724.3974462268     
   1592254.5536652966     
   1594778.8919886225     
   1597297.3876012841     
   1599810.0157457900     
   1602316.7517223307     
   1604817.5708890154     
   1607312.4486621129     
   1609801.3605162986     
   1612284.2819848908     
   1614761.1886600950     
   1617232.0561932414     
   1619696.8602950263     
   1622155.5767357459     
   1624608.1813455410     
   1627054.6500146303     
   1629494.9586935502     
   1631929.0833933859     
   1634357.0001860140     
   1636778.6852043353     
   1639194.1146425044     
   1641603.2647561696     
   1644006.1118627093     
   1646402.6323414526     
   1648792.8026339239     
   1651176.5992440674     
   1653553.9987384821     
   1655924.9777466448     
   1658289.5129611525     
   1660647.5811379370     
   1662999.1590965048     
   1665344.2237201591     
   1667682.7519562289     
   1670014.7208162940     
   1672340.1073764141     
   1674658.8887773480     
   1676971.0422247844     
   1679276.5449895668     
   1681575.3744079084     
   1683867.5078816237     
   1686152.9228783459     
   1688431.5969317507     
   1690703.5076417730     
   1692968.6326748338     
   1695226.9497640529     
   1697478.4367094715     
   1699723.0713782725     
   1701960.8317049865     
   1704191.6956917283     
   1706415.6414083929     
   1708632.6469928857     
   1710842.6906513285     
   1713045.7506582772     
   1715241.8053569356     
   1717430.8331593680     
   1719612.8125467072     
   1721787.7220693745     
   1723955.5403472832     
   1726116.2460700506     
   1728269.8179972053     
   1730416.2349584056     
   1732555.4758536306     
   1734687.5196534051     
   1736812.3453989946     
   1738929.9322026151     
   1741040.2592476357     
   1743143.3057887920     
   1745239.0511523767     
   1747327.4747364514     
   1749408.5560110474     
   1751482.2745183683     
   1753548.6098729863     
   1755607.5417620461     
   1757659.0499454676     
   1759703.1142561361     
   1761739.7146001104     
   1763768.8309568095     
   1765790.4433792192     
   1767804.5319940820     
   1769811.0770020925     
   1771810.0586780962     
   1773801.4573712782     
   1775785.2535053589     
   1777761.4275787855     
   1779729.9601649202     
   1781690.8319122405     
   1783644.0235445187     
   1785589.5158610141     
   1787527.2897366674     
   1789457.3261222790     
   1791379.6060447050     
   1793294.1106070357     
   1795200.8209887859     
   1797099.7184460764     
   1798990.7843118268     
   1800873.9999959203     
   1802749.3469854060     
   1804616.8068446713     
   1806476.3612156194     
   1808327.9918178574     
   1810171.6804488699     
   1812007.4089841989     
   1813835.1593776245     
   1815654.9136613344     
   1817466.6539461110     
   1819270.3624214968     
   1821066.0213559752     
   1822853.6130971399     
   1824633.1200718749     
   1826404.5247865142     
   1828167.8098270297     
   1829922.9578591869     
   1831669.9516287234     
   1833408.7739615166     
   1835139.4077637466     
   1836861.8360220739     
   1838576.0418037951     
   1840282.0082570137     
   1841979.7186108059     
   1843669.1561753871     
   1845350.3043422631     
   1847023.1465844077     
   1848687.6664564172     
   1850343.8475946682     
   1851991.6737174820     
   1853631.1286252872     
   1855262.1962007654     
   1856884.8604090258     
   1858499.1052977424     
   1860104.9149973304     
   1861702.2737210805     
   1863291.1657653300     
   1864871.5755096062     
   1866443.4874167815     
   1868006.8860332216     
   1869561.7559889434     
   1871108.0819977585     
   1872645.8488574217     
   1874175.0414497822     
   1875695.6447409280     
   1877207.6437813328     
   1878711.0237060015     
   1880205.7697346148     
   1881691.8671716696     
   1883169.3014066240     
   1884638.0579140394     
   1886098.1222537190     
   1887549.4800708445     
   1888992.1170961282     
   1890426.0191459276     
   1891851.1721224042     
   1893267.5620136494     
   1894675.1748938146     
   1896073.9969232543     
   1897464.0143486562     
   1898845.2135031675     
   1900217.5808065331     
   1901581.1027652214     
   1902935.7659725486     
   1904281.5571088200     
   1905618.4629414370     
   1906946.4703250416     
   1908265.5662016280     
   1909575.7376006716     
   1910876.9716392469     
   1912169.2555221571     
   1913452.5765420399     
   1914726.9220795010     
   1915992.2796032215     
   1917248.6366700782     
   1918495.9809252580     
   1919734.3001023687     
   1920963.5820235591     
   1922183.8145996192     
   1923394.9858301012     
   1924597.0838034186     
   1925790.0966969617     
   1926974.0127771928     
   1928148.8203997586     
   1929314.5080095918     
   1930471.0641410083     
   1931618.4774178073     
   1932756.7365533742     
   1933885.8303507678     
   1935005.7477028219     
   1936116.4775922347     
   1937218.0090916567     
   1938310.3313637839     
   1939393.4336614406     
   1940467.3053276662     
   1941531.9357957931     
   1942587.3145895302     
   1943633.4313230366     
   1944670.2757010015     
   1945697.8375187081     
   1946716.1066621086     
   1947725.0731078892     
   1948724.7269235293     
   1949715.0582673661     
   1950696.0573886482     
   1951667.7146275812     
   1952630.0204153920     
   1953582.9652743558     
   1954526.5398178441     
   1955460.7347503577     
   1956385.5408675605     
   1957300.9490562908     
   1958206.9502945999     
   1959103.5356517402     
   1959990.6962881882     
   1960868.4234556374     
   1961736.7084969848     
   1962595.5428463151     
   1963444.9180288727     
   1964284.8256610231     
   1965115.2574502055     
   1965936.2051948728     
   1966747.6607844154     
   1967549.6161990762     
   1968342.0635098510     
   1969124.9948783629     
   1969898.4025567330     
   1970662.2788874181     
   1971416.6163030299     
   1972161.4073261381     
   1972896.6445690352     
   1973622.3207334774     
   1974338.4286103952     
   1975044.9610795677     
   1975741.9111092428     
   1976429.2717557445     
   1977107.0361629939     
   1977775.1975620005     
   1978433.7492702880     
   1979082.6846912401     
   1979721.9973133847     
   1980351.6807095793     
   1980971.7285361087     
   1981582.1345316670     
   1982182.8925162225     
   1982773.9963897350     
   1983355.4401307236     
   1983927.2177946514     
   1984489.3235121046     
   1985041.7514867422     
   1985584.4959929769     
   1986117.5513733579     
   1986640.9120355910     
   1987154.5724491724     
   1987658.5271415403     
   1988152.7706937073     
   1988637.2977352571     
   1989112.1029386104     
   1989577.1810124610     
   1990032.5266942009     
   1990478.1347411980     
   1990913.9999206811     
   1991340.1169980254     
   1991756.4807230902     
   1992163.0858142767     
   1992559.9269398430     
   1992946.9986959093     
   1993324.2955805145     
   1993691.8119628446     
   1994049.5420466077     
   1994397.4798262480     
   1994735.6190343332     
   1995063.9530780488     
   1995382.4749621220     
   1995691.1771947450     
   1995990.0516720677     
   1996279.0895354641     
   1996558.2809939389     
   1996827.6151015062     
   1997087.0794758899     
   1997336.6599399685     
   1997576.3400603500     
   1997806.1005473388     
   1998025.9184655030     
   1998235.7661815209     
   1998435.6099411580     
   1998625.4079121754     
   1998805.1074400996     
   1998974.6411115618     
   1999133.9209503857     
   1999282.8295679630     
   1999421.2060820970     
   1999548.8223831907     
   1999665.3410787776     
   1999770.1988680093     
   1999862.8707902052     
   1999936.9208005201     
   2000017.1859585666     
   2000033.1294697502     
   2000183.0632158448     
   2000183.2582955875     
   2000413.6145381376     
   2000413.6147347332     
   2000745.2409339468     
   2000745.2409339561     
