   484.01590300350387     
   1953.5512473965287     
   4406.0869848491975     
   7841.6022685727921     
   12260.063685501387     
   17661.427852613237     
   24045.641658591288     
   31412.642310339925     
   39762.357346256562     
   49094.704641103570     
   59409.592408642042     
   70706.919203212936     
   82986.573920985975     
   96248.435801467334     
   110492.37442858647     
   125718.24973219697     
   141925.91198930729     
   159115.20182582745     
   177285.95021784984     
   196437.97849362268     
   216571.09833503739     
   237685.11177965923     
   259779.81122266132     
   282854.97941880987     
   306910.38948461530     
   331945.80490056850     
   357960.97951352957     
   384955.65753901511     
   412929.57356384129     
   441882.45254866523     
   471814.00983069837     
   502723.95112652937     
   534611.97253501054     
   567477.76054018049     
   601320.99201450124     
   636141.33422178973     
   671938.44482075097     
   708711.97186820779     
   746461.55382253032     
   785186.81954728148     
   824887.38831481128     
   865562.86981000053     
   907212.86413412774     
   949836.96180873853     
   993434.74377976591     
   1038005.7814215778     
   1083549.6365411640     
   1130065.8613825727     
   1177553.9986311570     
   1226013.5814181676     
   1275444.1333253374     
   1325845.1683895064     
   1377216.1911074538     
   1429556.6964407449     
   1482866.1698206782     
   1537144.0871534576     
   1592389.9148251766     
   1648603.1097071145     
   1705783.1191611926     
   1763929.3810452544     
   1823041.3237186603     
   1883118.3660479037     
   1944159.9174123746     
   2006165.3777099766     
   2069134.1373633188     
   2133065.5773254712     
   2197959.0690860874     
   2263813.9746777397     
   2330629.6466819965     
   2398405.4282358093     
   2467140.6530381874     
   2536834.6453564339     
   2607486.7200330659     
   2679096.1824922813     
   2751662.3287470620     
   2825184.4454058860     
   2899661.8096798579     
   2975093.6893897434     
   3051479.3429732039     
   3128818.0194921140     
   3207108.9586398392     
   3286351.3907488207     
   3366544.5367981074     
   3447687.6084209969     
   3529779.8079128088     
   3612820.3282386088     
   3696808.3530414384     
   3781743.0566499662     
   3867623.6040868619     
   3954449.1510769469     
   4042218.8440554366     
   4130931.8201763849     
   4220587.2073211316     
   4311184.1241069064     
   4402721.6798954830     
   4495198.9748019613     
   4588615.0997034833     
   4682969.1362484228     
   4778260.1568651162     
   4874487.2247712044     
   4971649.3939827438     
   5069745.7093234984     
   5168775.2064344389     
   5268736.9117830526     
   5369629.8426730102     
   5471453.0072538750     
   5574205.4045306882     
   5677886.0243740613     
   5782493.8475298230     
   5888027.8456292422     
   5994486.9811989944     
   6101870.2076716144     
   6210176.4693954261     
   6319404.7016451359     
   6429553.8306323076     
   6540622.7735158652     
   6652610.4384126971     
   6765515.7244085055     
   6879337.5215685163     
   6994074.7109484337     
   7109726.1646054732     
   7226290.7456093896     
   7343767.3080536844     
   7462154.6970668156     
   7581451.7488237200     
   7701657.2905570436     
   7822770.1405687779     
   7944789.1082418747     
   8067712.9940519584     
   8191540.5895789955     
   8316270.6775193829     
   8441902.0316977873     
   8568433.4170791376     
   8695863.5897809397     
   8824191.2970853187     
   8953415.2774515171     
   9083534.2605281323     
   9214546.9671656899     
   9346452.1094292291     
   9479248.3906108495     
   9612934.5052426998     
   9747509.1391095072     
   9882970.9692617226     
   10019318.664028427     
   10156550.883030429     
   10294666.277193494     
   10433663.488761522     
   10573541.151309963     
   10714297.889759252     
   10855932.320388256     
   10998443.050847940     
   11141828.680175032     
   11286087.798805788     
   11431218.988589862     
   11577220.822804272     
   11724091.866167372     
   11871830.674852971     
   12020435.796504602     
   12169905.770249581     
   12320239.126713740     
   12471434.388035491     
   12623490.067880616     
   12776404.671456693     
   12930176.695527939     
   13084804.628429921     
   13240286.950084388     
   13396622.132014263     
   13553808.637358675     
   13711844.920888023     
   13870729.429019172     
   14030460.599830765     
   14191036.863078479     
   14352456.640210686     
   14514718.344383659     
   14677820.380477376     
   14841761.145111222     
   15006539.026659604     
   15172152.405267911     
   15338599.652868377     
   15505879.133196125     
   15673989.201805208     
   15842928.206084844     
   16012694.485275568     
   16183286.370485654     
   16354702.184707452     
   16526940.242833829     
   16699998.851674976     
   16873876.309974652     
   17048570.908427328     
   17224080.929694682     
   17400404.648422662     
   17577540.331258271     
   17755486.236866791     
   17934240.615948912     
   18113801.711257640     
   18294167.757615913     
   18475336.981933735     
   18657307.603225749     
   18840077.832628638     
   19023645.873418763     
   19208009.921029765     
   19393168.163070422     
   19579118.779342305     
   19765859.941857863     
   19953389.814858235     
   20141706.554831289     
   20330808.310529962     
   20520693.222990122     
   20711359.425549183     
   20902805.043864150     
   21095028.195930306     
   21288026.992099479     
   21481799.535098847     
   21676343.920049425     
   21871658.234484766     
   22067740.558369949     
   22264588.964120336     
   22462201.516620427     
   22660576.273243051     
   22859711.283868354     
   23059604.590903040     
   23260254.229299568     
   23461658.226575445     
   23663814.602832761     
   23866721.370777391     
   24070376.535738762     
   24274778.095689446     
   24479924.041264653     
   24685812.355782181     
   24892441.015262116     
   25099807.988446832     
   25307911.236820888     
   25516748.714631107     
   25726318.368906558     
   25936618.139478963     
   26147645.959002815     
   26359399.752975635     
   26571877.439758498     
   26785076.930596478     
   26998996.129639082     
   27213632.933960892     
   27428985.233582355     
   27645050.911490377     
   27861827.843659159     
   28079313.899071142     
   28297506.939737990     
   28516404.820721358     
   28736005.390154246     
   28956306.489262175     
   29177305.952384125     
   29399001.606994018     
   29621391.273722127     
   29844472.766376402     
   30068243.891963888     
   30292702.450712584     
   30517846.236092586     
   30743673.034838244     
   30970180.626969658     
   31197366.785814565     
   31425229.278030302     
   31653765.863625556     
   31882974.295982670     
   32112852.321879394     
   32343397.681511410     
   32574608.108514238     
   32806481.329985663     
   33039015.066508025     
   33272207.032170594     
   33506054.934592269     
   33740556.474943675     
   33975709.347970299     
   34211511.242014699     
   34447959.839039356     
   34685052.814649709     
   34922787.838116676     
   35161162.572399646     
   35400174.674169578     
   35639821.793831974     
   35880101.575549945     
   36121011.657267332     
   36362549.670731954     
   36604713.241519123     
   36847499.989054456     
   37090907.526637897     
   37334933.461466670     
   37579575.394659102     
   37824830.921278082     
   38070697.630354799     
   38317173.104912221     
   38564254.921989113     
   38811940.652663790     
   39060227.862077922     
   39309114.109460451     
   39558596.948151633     
   39808673.925627090     
   40059342.583522022     
   40310600.457655288     
   40562445.078053243     
   40814873.968974955     
   41067884.648935549     
   41321474.630731203     
   41575641.421463415     
   41830382.522563413     
   42085695.429816917     
   42341577.633388638     
   42598026.617846973     
   42855039.862188667     
   43112614.839863807     
   43370749.018800288     
   43629439.861429185     
   43888684.824709184     
   44148481.360152006     
   44408826.913847178     
   44669718.926487386     
   44931154.833393380     
   45193132.064539269     
   45455648.044577964     
   45718700.192866191     
   45982285.923490174     
   46246402.645290703     
   46511047.761889048     
   46776218.671711914     
   47041912.768017642     
   47308127.438921347     
   47574860.067420833     
   47842108.031422257     
   48109868.703765973     
   48378139.452252068     
   48646917.639666624     
   48916200.623807512     
   49185985.757510379     
   49456270.388674393     
   49727051.860288657     
   49998327.510458350     
   50270094.672430582     
   50542350.674620859     
   50815092.840639226     
   51088318.489316687     
   51362024.934731491     
   51636209.486235544     
   51910869.448480703     
   52186002.121445678     
   52461604.800462164     
   52737674.776241608     
   53014209.334901839     
   53291205.757993743     
   53568661.322527893     
   53846573.301001444     
   54124938.961424999     
   54403755.567349054     
   54683020.377891615     
   54962730.647764422     
   55242883.627300367     
   55523476.562480405     
   55804506.694960505     
   56085971.262099095     
   56367867.496983789     
   56650192.628458962     
   56932943.881152712     
   57216118.475504451     
   57499713.627791882     
   57783726.550158434     
   58068154.450641058     
   58352994.533197075     
   58638243.997732177     
   58923900.040127583     
   59209959.852267876     
   59496420.622068405     
   59783279.533502921     
   60070533.766631611     
   60358180.497628428     
   60646216.898808762     
   60934640.138657831     
   61223447.381857872     
   61512635.789316371     
   61802202.518193923     
   62092144.721931972     
   62382459.550281093     
   62673144.149328910     
   62964195.661528043     
   63255611.225724183     
   63547387.977184467     
   63839523.047625363     
   64132013.565241084     
   64424856.654731490     
   64718049.437330984     
   65011589.030835956     
   65305472.549633808     
   65599697.104731061     
   65894259.803781763     
   66189157.751115769     
   66484388.047767617     
   66779947.791504644     
   67075834.076855518     
   67372043.995139167     
   67668574.634493187     
   67965423.079901859     
   68262586.413226083     
   68560061.713230789     
   68857846.055614561     
   69155936.513037711     
   69454330.155151621     
   69753024.048627317     
   70052015.257183895     
   70351300.841618270     
   70650877.859833330     
   70950743.366866887     
   71250894.414921373     
   71551328.053391770     
   71852041.328895569     
   72153031.285300940     
   72454294.963756442     
   72755829.402719885     
   73057631.637987405     
   73359698.702722654     
   73662027.627485886     
   73964615.440263227     
   74267459.166496024     
   74570555.829109818     
   74873902.448543489     
   75177496.042779207     
   75481333.627371073     
   75785412.215474769     
   76089728.817876816     
   76394280.443024099     
   76699064.097052976     
   77004076.783819258     
   77309315.504926845     
   77614777.259757996     
   77920459.045502290     
   78226357.857186750     
   78532470.687704474     
   78838794.527844995     
   79145326.366323456     
   79452063.189810440     
   79759001.982961461     
   80066139.728446424     
   80373473.406979725     
   80680999.997349650     
   80988716.476447955     
   81296619.819300115     
   81604706.999093980     
   81912974.987211183     
   82221420.753255218     
   82530041.265082285     
   82838833.488830790     
   83147794.388951093     
   83456920.928235501     
   83766210.067848027     
   84075658.767354086     
   84385263.984751046     
   84695022.676497102     
   85004931.797542453     
   85314988.301357642     
   85625189.139965236     
   85935531.263968542     
   86246011.622581914     
   86556627.163661286     
   86867374.833733097     
   87178251.578025505     
   87489254.340497345     
   87800380.063869178     
   88111625.689652249     
   88422988.158179700     
   88734464.408635557     
   89046051.379085973     
   89357746.006507829     
   89669545.226820692     
   89981445.974915192     
   90293445.184684232     
   90605539.789052844     
   90917726.720008224     
   91230002.908630073     
   91542365.285120428     
   91854810.778834328     
   92167336.318309665     
   92479938.831297547     
   92792615.244792119     
   93105362.485061541     
   93418177.477677301     
   93731057.147544980     
   94043998.418934613     
   94356998.215510249     
   94670053.460361049     
   94983161.076030880     
   95296317.984548569     
   95609521.107458964     
   95922767.365852088     
   96236053.680394307     
   96549376.971357882     
   96862734.158651844     
   97176122.161851704     
   97489537.900230557     
   97802978.292788520     
   98116440.258283183     
   98429920.715260476     
   98743416.582084283     
   99056924.776967108     
   99370442.218000233     
   99683965.823184058     
   99997492.510458320     
   100311019.19773260     
   100624542.80291647     
   100938060.24394956     
   101251568.43883234     
   101565064.30565622     
   101878544.76263352     
   102192006.72812812     
   102505447.12068605     
   102818862.85906495     
   103132250.86226490     
   103445608.04955876     
   103758931.34052236     
   104072217.65506449     
   104385463.91345760     
   104698667.03636803     
   105011823.94488591     
   105324931.56055558     
   105637986.80540639     
   105950986.60198207     
   106263927.87337166     
   106576807.54323941     
   106889622.53585510     
   107202369.77612448     
   107515046.18961909     
   107827648.70260695     
   108140174.24208239     
   108452619.73579618     
   108764982.11228658     
   109077258.30090831     
   109389445.23186365     
   109701539.83623241     
   110013539.04600148     
   110325439.79409595     
   110637239.01440875     
   110948933.64183073     
   111260520.61228099     
   111571996.86273699     
   111883359.33126436     
   112194604.95704749     
   112505730.68041928     
   112816733.44289123     
   113127610.18718354     
   113438357.85725541     
   113748973.39833464     
   114059453.75694817     
   114369795.88095133     
   114679996.71955894     
   114990053.22337428     
   115299962.34441936     
   115609721.03616565     
   115919326.25356252     
   116228774.95306864     
   116538064.09268111     
   116847190.63196558     
   117156151.53208587     
   117464943.75583434     
   117773564.26766147     
   118082010.03370544     
   118390278.02182260     
   118698365.20161660     
   119006268.54446869     
   119313985.02356695     
   119621511.61393692     
   119928845.29247026     
   120235983.03795519     
   120542921.83110623     
   120849658.65459315     
   121156190.49307166     
   121462514.33321217     
   121768627.16372991     
   122074525.97541434     
   122380207.76115878     
   122685669.51598990     
   122990908.23709750     
   123295920.92386363     
   123600704.57789259     
   123905256.20303980     
   124209572.80544195     
   124513651.39354563     
   124817488.97813760     
   125121082.57237317     
   125424429.19180697     
   125727525.85442066     
   126030369.58065350     
   126332957.39343077     
   126635286.31819405     
   126937353.38292934     
   127239155.61819680     
   127540690.05716021     
   127841953.73561582     
   128142943.69202112     
   128443656.96752490     
   128744090.60599531     
   129044241.65404972     
   129344107.16108342     
   129643684.17929833     
   129942969.76373275     
   130241960.97228938     
   130540654.86576502     
   130839048.50787899     
   131137138.96530217     
   131434923.30768587     
   131732398.60769065     
   132029561.94101478     
   132326410.38642362     
   132622941.02577749     
   132919150.94406115     
   133215037.22941221     
   133510596.97314915     
   133805827.26980095     
   134100725.21713495     
   134395287.91618553     
   134689512.47128284     
   134983395.99008089     
   135276935.58358571     
   135570128.36618504     
   135862971.45567578     
   136155461.97329125     
   136447597.04373226     
   136739373.79519251     
   137030789.35938850     
   137321840.87158772     
   137612525.47063568     
   137902840.29898471     
   138192782.50272277     
   138482349.23160014     
   138771537.63905880     
   139060344.88225877     
   139348768.12210780     
   139636804.52328831     
   139924451.25428510     
   140211705.48741373     
   140498564.39884859     
   140785025.16864896     
   141071084.98078918     
   141356741.02318475     
   141641990.48771957     
   141926830.57027569     
   142211258.47075823     
   142495271.39312488     
   142778866.54541233     
   143062041.13976395     
   143344792.39245778     
   143627117.52393284     
   143909013.75881752     
   144190478.32595611     
   144471508.45843652     
   144752101.39361635     
   145032254.37315223     
   145311964.64302510     
   145591229.45356759     
   145870046.05949181     
   146148411.71991530     
   146426323.69838881     
   146703779.26292288     
   146980775.68601471     
   147257310.24467501     
   147533380.22045454     
   147808982.89947096     
   148084115.57243600     
   148358775.53468126     
   148632960.08618525     
   148906666.53160006     
   149179892.18027738     
   149452634.34629583     
   149724890.34848627     
   149996657.51045763     
   150267933.16062808     
   150538714.63224229     
   150808999.26340628     
   151078784.39710900     
   151348067.38125008     
   151616845.56866458     
   151885116.31715071     
   152152876.98949438     
   152420124.95349583     
   152686857.58199534     
   152953072.25289908     
   153218766.34920478     
   153483937.25902778     
   153748582.37562600     
   154012699.09742644     
   154276284.82805043     
   154539336.97633868     
   154801852.95637736     
   155063830.18752328     
   155325266.09442928     
   155586158.10706943     
   155846503.66076466     
   156106300.19620743     
   156365545.15948746     
   156624236.00211620     
   156882370.18105277     
   157139945.15872791     
   157396958.40306967     
   157653407.38752794     
   157909289.59109968     
   158164602.49835312     
   158419343.59945327     
   158673510.39018536     
   158927100.37198105     
   159180111.05194172     
   159432539.94286340     
   159684384.56326136     
   159935642.43739453     
   160186311.09528947     
   160436388.07276502     
   160685870.91145614     
   160934757.15883866     
   161183044.36825281     
   161430730.09892738     
   161677811.91600439     
   161924287.39056179     
   162170154.09963849     
   162415409.62625742     
   162660051.55944991     
   162904077.49427873     
   163147485.03186202     
   163390271.77939758     
   163632435.35018462     
   163873973.36364928     
   164114883.44536674     
   164355163.22708461     
   164594810.34674710     
   164833822.44851705     
   165072197.18280002     
   165309932.20626697     
   165547025.18187729     
   165783473.77890193     
   166019275.67294639     
   166254428.54597300     
   166488930.08632436     
   166722777.98874599     
   166955969.95440865     
   167188503.69093102     
   167420376.91240236     
   167651587.33940515     
   167882132.69903719     
   168112010.72493398     
   168341219.15729097     
   168569755.74288628     
   168797618.23510197     
   169024804.39394689     
   169251311.98607820     
   169477138.78482401     
   169702282.57020396     
   169926741.12895256     
   170150512.25454018     
   170373593.74719441     
   170595983.41392255     
   170817679.06853247     
   171038678.53165448     
   171258979.63076228     
   171478580.20019516     
   171697478.08117855     
   171915671.12184545     
   172133157.17725730     
   172349934.10942614     
   172565999.78733420     
   172781352.08695573     
   172995988.89127752     
   173209908.09032005     
   173423107.58115810     
   173635585.26794094     
   173847339.06191388     
   174058366.88143754     
   174268666.65200993     
   174478236.30628550     
   174687073.78409567     
   174895177.03246981     
   175102544.00565439     
   175309172.66513437     
   175515060.97965196     
   175720206.92522705     
   175924608.48517787     
   176128263.65013924     
   176331170.41808379     
   176533326.79434109     
   176734730.79161695     
   176935380.43001348     
   177135273.73704806     
   177334408.74767351     
   177532783.50429600     
   177730396.05679634     
   177927244.46254656     
   178123326.78643185     
   178318641.10086718     
   178513185.48581770     
   178706958.02881706     
   178899956.82498634     
   179092179.97705242     
   179283625.59536728     
   179474291.79792637     
   179664176.71038663     
   179853278.46608526     
   180041595.20605829     
   180229125.07905868     
   180415866.24157414     
   180601816.85784608     
   180786975.09988669     
   180971339.14749768     
   181154907.18828785     
   181337677.41769072     
   181519648.03898281     
   181700817.26330066     
   181881183.30965880     
   182060744.40496758     
   182239498.78404969     
   182417444.68965825     
   182594580.37249371     
   182770904.09122163     
   182946414.11248907     
   183121108.71094176     
   183294986.16924137     
   183468044.77808261     
   183640282.83620891     
   183811698.65043071     
   183982290.53564084     
   184152056.81483147     
   184320995.81911120     
   184489105.88772032     
   184656385.36804804     
   184822832.61564833     
   184988445.99425671     
   185153223.87580502     
   185317164.64043885     
   185480266.67653280     
   185642528.38070560     
   185803948.15783778     
   185964524.42108551     
   186124255.59189710     
   186283140.10002819     
   186441176.38355762     
   186598362.88890204     
   186754698.07083184     
   186910180.39248627     
   187064808.32538828     
   187218580.34945953     
   187371494.95303562     
   187523550.63288069     
   187674745.89420247     
   187825079.25066662     
   187974549.22441164     
   188123154.34606323     
   188270893.15474883     
   188417764.19811201     
   188563766.03232643     
   188708897.22211045     
   188853156.34074122     
   188996541.97006837     
   189139052.70052803     
   189280687.13115692     
   189421443.86960617     
   189561321.53215468     
   189700318.74372274     
   189838434.13788566     
   189975666.35688764     
   190112014.05165443     
   190247475.88180664     
   190382050.51567334     
   190515736.63030532     
   190648532.91148683     
   190780438.05375040     
   190911450.76038790     
   191041569.74346459     
   191170793.72383067     
   191299121.43113512     
   191426551.60383683     
   191553082.98921826     
   191678714.34339669     
   191803444.43133700     
   191927272.02686399     
   192050195.91267395     
   192172214.88034713     
   192293327.73035887     
   192413533.27209216     
   192532830.32384908     
   192651217.71286219     
   192768694.27530655     
   192885258.85631037     
   193000910.30996737     
   193115647.49934730     
   193229469.29650733     
   193342374.58250299     
   193454362.24739996     
   193565431.19028348     
   193675580.31927052     
   193784808.55152026     
   193893114.81324413     
   194000498.03971651     
   194106957.17528635     
   194212491.17338577     
   194317098.99654150     
   194420779.61638483     
   194523532.01366165     
   194625355.17824244     
   194726248.10913247     
   194826209.81448099     
   194925239.31159198     
   195023335.62693271     
   195120497.79614410     
   195216724.86405030     
   195312015.88466695     
   195406369.92121190     
   195499786.04611340     
   195592263.34101993     
   195683800.89680833     
   195774397.81359410     
   195864053.20073882     
   195952766.17685980     
   196040535.86983818     
   196127361.41682827     
   196213241.96426517     
   196298176.66787362     
   196382164.69267640     
   196465205.21300215     
   196547297.41249400     
   196628440.48411673     
   196708633.63016593     
   196787876.06227496     
   196866167.00142252     
   196943505.67794141     
   197019891.33152485     
   197095323.21123472     
   197169800.57550865     
   197243322.69216737     
   197315888.83842197     
   197387498.30088133     
   197458150.37555775     
   197527844.36787605     
   197596579.59267822     
   197664355.37423199     
   197731171.04623625     
   197797025.95182768     
   197861919.44358835     
   197925850.88355041     
   197988819.64320359     
   198050825.10350114     
   198111866.65486550     
   198171943.69719461     
   198231055.63986778     
   198289201.90175191     
   198346381.91120586     
   198402595.10608774     
   198457840.93375915     
   198512118.85109177     
   198565428.32447162     
   198617768.82980475     
   198669139.85252246     
   198719540.88758650     
   198768971.43949342     
   198817431.02228016     
   198864919.15952867     
   198911435.38436967     
   198956979.23948908     
   199001550.27713057     
   199045148.05910140     
   199087772.15677565     
   199129422.15109947     
   199170097.63259429     
   199209798.20136145     
   199248523.46708569     
   199286273.04903966     
   199323046.57608664     
   199358843.68668512     
   199393664.02889177     
   199427507.26036546     
   199460373.04836997     
   199492261.06977788     
   199523171.01107275     
   199553102.56835386     
   199582055.44733778     
   199610029.36336151     
   199637024.04138571     
   199663039.21599731     
   199688074.63141173     
   199712130.04147577     
   199735205.20966992     
   199757299.90911078     
   199778413.92255279     
   199798547.04239133     
   199817699.07066363     
   199835869.81905156     
   199853059.10888332     
   199869266.77113479     
   199884492.64643162     
   199898736.58505028     
   199911998.44692039     
   199924278.10162511     
   199935575.42840296     
   199945890.31614834     
   199955222.66341349     
   199963572.37840757     
   199970939.37899837     
   199977323.59271091     
   199982724.95672256     
   199987143.41785336     
   199990578.93251887     
   199993031.46649030     
   199994500.99229783     
