   49143.680295913509     
   196591.73794073303     
   442340.22338475531     
   786386.72085537692     
   1228727.8482472056     
   1769359.2571872661     
   2408275.6330990428     
   3145470.6952330037     
   3980937.1967375949     
   4914666.9247326087     
   5946650.7003840087     
   7076878.3790001003     
   8305338.8501255047     
   9632020.0376553144     
   11056908.899950294     
   12579991.429966336     
   14201252.655397056     
   15920676.638809761     
   17738246.477814410     
   19653944.305217441     
   21667751.289209392     
   23779647.633545730     
   25989612.577734411     
   28297624.397249851     
   30703660.403743468     
   33207696.945263356     
   35809709.406490989     
   38509672.208979428     
   41307558.811404221     
   44203341.709838182     
   47196992.437998123     
   50288481.567539722     
   53477778.708350793     
   56764852.508834869     
   60149670.656232953     
   63632199.876934744     
   67212405.936805367     
   70890253.641525507     
   74665706.836937442     
   78538728.409390926     
   82509280.286125124     
   86577323.435627773     
   90742817.868020177     
   95005722.635469526     
   99365995.832556009     
   103823594.59672329     
   108378475.10867023     
   113030592.59279874     
   117779901.31764583     
   122626354.59633823     
   127569904.78704396     
   132610503.29344954     
   137748100.56523564     
   142982646.09855691     
   148314088.43654531     
   153742375.16981578     
   159267452.93697897     
   164889267.42516586     
   170607763.37057021     
   176422884.55896574     
   182334573.82630119     
   188342773.05922228     
   194447423.19566157     
   200648464.22542042     
   206945835.19074711     
   213339474.18695647     
   219829318.36301556     
   226415303.92217731     
   233097366.12259689     
   239875439.27797726     
   246749456.75821292     
   253719350.99003330     
   260785053.45769128     
   267946494.70361078     
   275203604.32908368     
   282556310.99496537     
   290004542.42236006     
   297548225.39334422     
   305187285.75168896     
   312921648.40357763     
   320751237.31834590     
   328675975.52924502     
   336695785.13417131     
   344810587.29645938     
   353020302.24563366     
   361324849.27821523     
   369724146.75849289     
   378218112.11934471     
   386806661.86303622     
   395489711.56203902     
   404267175.85988653     
   413138968.47198087     
   422105002.18645298     
   431165188.86503172     
   440319439.44388485     
   449567663.93453091     
   458909771.42468369     
   468345670.07917452     
   477875267.14084244     
   487498468.93145019     
   497215180.85260177     
   507025307.38667697     
   516928752.09776968     
   526925417.63263053     
   537015205.72162557     
   547198017.17971015     
   557473751.90738916     
   567842308.89172757     
   578303586.20730114     
   588857481.01724291     
   599503889.57422006     
   610242707.22147989     
   621073828.39385521     
   631997146.61882675     
   643012554.51754487     
   654119943.80589843     
   665319205.29558301     
   676610228.89516234     
   687992903.61116397     
   699467117.54915535     
   711032757.91485858     
   722689711.01524925     
   734437862.25967371     
   746277096.16099000     
   758207296.33667886     
   770228345.51001012     
   782340125.51118398     
   794542517.27849352     
   806835400.85949910     
   819218655.41220331     
   831692159.20624363     
   844255789.62407935     
   856909423.16221511     
   869652935.43239522     
   882486201.16283393     
   895409094.19945168     
   908421487.50711405     
   921523253.17086923     
   934714262.39721906     
   947994385.51538420     
   961363491.97856534     
   974821450.36524796     
   988368128.38046622     
   1002003392.8571361     
   1015727109.7573380     
   1029539144.1736438     
   1043439360.3304462     
   1057427621.5852913     
   1071503790.4302227     
   1085667728.4931219     
   1099919296.5390909     
   1114258354.4717972     
   1128684761.3348706     
   1143198375.3132794     
   1157799053.7347226     
   1172486653.0710316     
   1187261028.9395907     
   1202122036.1047492     
   1217069528.4792521     
   1232103359.1256678     
   1247223380.2578392     
   1262429443.2423530     
   1277721398.5999622     
   1293099096.0070846     
   1308562384.2972822     
   1324111111.4627278     
   1339745124.6557169     
   1355464270.1901603     
   1371268393.5430934     
   1387157339.3562086     
   1403130951.4373629     
   1419189072.7621379     
   1435331545.4753559     
   1451558210.8926525     
   1467868909.5020275     
   1484263480.9654093     
   1500741764.1202486     
   1517303596.9810781     
   1533948816.7411242     
   1550677259.7739000     
   1567488761.6348076     
   1584383157.0627706     
   1601360279.9818435     
   1618419963.5028520     
   1635562039.9250307     
   1652786340.7376697     
   1670092696.6217797     
   1687480937.4517508     
   1704950892.2970185     
   1722502389.4237540     
   1740135256.2965474     
   1757849319.5801098     
   1775644405.1409638     
   1793520338.0491760     
   1811476942.5800471     
   1829514042.2158725     
   1847631459.6476619     
   1865829016.7768598     
   1884106534.7171466     
   1902463833.7961588     
   1920900733.5572581     
   1939417052.7613239     
   1958012609.3885105     
   1976687220.6400666     
   1995440702.9401045     
   2014272871.9374132     
   2033183542.5072799     
   2052172528.7532954     
   2071239644.0091987     
   2090384700.8406954     
   2109607511.0473111     
   2128907885.6642282     
   2148285634.9641695     
   2167740568.4592233     
   2187272494.9027553     
   2206881222.2912798     
   2226566557.8663139     
   2246328308.1163216     
   2266166278.7785840     
   2286080274.8411155     
   2306070100.5445790     
   2326135559.3842354     
   2346276454.1118236     
   2366492586.7375574     
   2386783758.5320177     
   2407149770.0281596     
   2427590421.0232239     
   2448105510.5807414     
   2468694837.0324960     
   2489358197.9804878     
   2510095390.2989621     
   2530906210.1363664     
   2551790452.9173875     
   2572747913.3449326     
   2593778385.4021749     
   2614881662.3545580     
   2636057536.7518382     
   2657305800.4301310     
   2678626244.5139265     
   2700018659.4181819     
   2721482834.8503652     
   2743018559.8125143     
   2764625622.6033111     
   2786303810.8201914     
   2808052911.3613925     
   2829872710.4280696     
   2851762993.5264130     
   2873723545.4697022     
   2895754150.3804941     
   2917854591.6926856     
   2940024652.1536789     
   2962264113.8264875     
   2984572758.0919161     
   3006950365.6506677     
   3029396716.5255356     
   3051911590.0635338     
   3074494764.9381003     
   3097146019.1512427     
   3119865130.0357332     
   3142651874.2573061     
   3165506027.8168273     
   3188427366.0525408     
   3211415663.6422162     
   3234470694.6054153     
   3257592232.3056989     
   3280780049.4528403     
   3304033918.1050754     
   3327353609.6713328     
   3350738894.9134979     
   3374189543.9486427     
   3397705326.2513037     
   3421286010.6557403     
   3444931365.3582110     
   3468641157.9192462     
   3492415155.2659388     
   3516253123.6942396     
   3540154828.8712316     
   3564120035.8374763     
   3588148509.0092669     
   3612240012.1810098     
   3636394308.5274715     
   3660611160.6061826     
   3684890330.3597221     
   3709231579.1180654     
   3733634667.6009402     
   3758099355.9201837     
   3782625403.5820880     
   3807212569.4897556     
   3831860611.9454970     
   3856569288.6531854     
   3881338356.7206583     
   3906167572.6620698     
   3931056692.4003191     
   3956005471.2694349     
   3981013664.0169845     
   4006081024.8064775     
   4031207307.2197990     
   4056392264.2595987     
   4081635648.3517704     
   4106937211.3478298     
   4132296704.5273962     
   4157713878.6006107     
   4183188483.7106142     
   4208720269.4359641     
   4234308984.7931371     
   4259954378.2389684     
   4285656197.6731400     
   4311414190.4406538     
   4337228103.3343058     
   4363097682.5971918     
   4389022673.9251919     
   4415002822.4694700     
   4441037872.8389940     
   4467127569.1030111     
   4493271654.7936029     
   4519469872.9081964     
   4545721965.9120617     
   4572027675.7408915     
   4598386743.8032875     
   4624798910.9833431     
   4651263917.6431713     
   4677781503.6254635     
   4704351408.2560320     
   4730973370.3464108     
   4757647128.1963520     
   4784372419.5964975     
   4811148981.8308640     
   4837976551.6794720     
   4864854865.4209366     
   4891783658.8350248     
   4918762667.2053108     
   4945791625.3217058     
   4972870267.4831352     
   4999998327.5001040     
   5027175538.6973257     
   5054401633.9163504     
   5081676345.5181875     
   5108999405.3859367     
   5136370544.9274178     
   5163789495.0778170     
   5191255986.3023357     
   5218769748.5988350     
   5246330511.5004826     
   5273938004.0784302     
   5301591954.9444551     
   5329292092.2536392     
   5357038143.7070560     
   5384829836.5544176     
   5412666897.5967655     
   5440549053.1891794     
   5468476029.2434368     
   5496447551.2307129     
   5524463344.1843061     
   5552523132.7023077     
   5580626640.9503193     
   5608773592.6641750     
   5636963711.1526451     
   5665196719.3001661     
   5693472339.5695467     
   5721790294.0047131     
   5750150304.2334518     
   5778552091.4701138     
   5806995376.5183735     
   5835479879.7739773     
   5864005321.2274904     
   5892571420.4670324     
   5921177896.6810560     
   5949824468.6611118     
   5978510854.8045626     
   6007236773.1174355     
   6036001941.2171097     
   6064806076.3351479     
   6093648895.3200560     
   6122530114.6400566     
   6151449450.3859053     
   6180406618.2736635     
   6209401333.6474648     
   6238433311.4823856     
   6267502266.3871613     
   6296607912.6070747     
   6325749964.0266867     
   6354928134.1727142     
   6384142136.2168055     
   6413391682.9783735     
   6442676486.9274244     
   6471996260.1873646     
   6501350714.5378695     
   6530739561.4176540     
   6560162511.9273796     
   6589619276.8324461     
   6619109566.5658474     
   6648633091.2310324     
   6678189560.6047325     
   6707778684.1398239     
   6737400170.9681940     
   6767053729.9035788     
   6796739069.4444580     
   6826455897.7768764     
   6856203922.7773533     
   6885982852.0157270     
   6915792392.7580395     
   6945632251.9694376     
   6975502136.3170023     
   7005401752.1726656     
   7035330805.6161013     
   7065289002.4376020     
   7095276048.1409607     
   7125291647.9464054     
   7155335506.7934551     
   7185407329.3438301     
   7215506819.9843626     
   7245633682.8299122     
   7275787621.7262564     
   7305968340.2530136     
   7336175541.7265310     
   7366408929.2028551     
   7396668205.4805946     
   7426953073.1038704     
   7457263234.3652420     
   7487598391.3086138     
   7517958245.7321835     
   7548342499.1913748     
   7578750853.0017424     
   7609183008.2419481     
   7639638665.7566748     
   7670117526.1595745     
   7700619289.8361855     
   7731143656.9469442     
   7761690327.4300585     
   7792259001.0045004     
   7822849377.1729460     
   7853461155.2247105     
   7884094034.2387676     
   7914747713.0866165     
   7945421890.4353104     
   7976116264.7504148     
   8006830534.2989130     
   8037564397.1522398     
   8068317551.1892338     
   8099089694.0990658     
   8129880523.3842735     
   8160689736.3636742     
   8191517030.1753893     
   8222362101.7797928     
   8253224647.9625015     
   8284104365.3373537     
   8315000950.3493748     
   8345914099.2778139     
   8376843508.2390661     
   8407788873.1896763     
   8438749889.9293709     
   8469726254.1039848     
   8500717661.2085028     
   8531723806.5900412     
   8562744385.4507942     
   8593779092.8511257     
   8624827623.7124615     
   8655889672.8203869     
   8686964934.8275757     
   8718053104.2568035     
   8749153875.5039997     
   8780266942.8411770     
   8811392000.4194889     
   8842528742.2722416     
   8873676862.3178234     
   8904836054.3628578     
   8936006012.1050644     
   8967186429.1363297     
   8998376998.9457893     
   9029577414.9226952     
   9060787370.3595600     
   9092006558.4550934     
   9123234672.3172798     
   9154471404.9663086     
   9185716449.3377075     
   9216969498.2852459     
   9248230244.5840225     
   9279498380.9334869     
   9310773599.9604244     
   9342055594.2220039     
   9373344056.2087784     
   9404638678.3477383     
   9435939153.0052834     
   9467245172.4903755     
   9498556429.0573483     
   9529872614.9091263     
   9561193422.2001667     
   9592518543.0394878     
   9623847669.4936962     
   9655180493.5900574     
   9686516707.3194466     
   9717856002.6394463     
   9749198071.4773197     
   9780542605.7331238     
   9811889297.2825890     
   9843237837.9803181     
   9874587919.6626892     
   9905939234.1509800     
   9937291473.2542896     
   9968644328.7726727     
   9999997492.5001106     
   10031350656.227533     
   10062703511.745918     
   10094055750.849222     
   10125407065.337511     
   10156757147.019892     
   10188105687.717615     
   10219452379.267103     
   10250796913.522875     
   10282138982.360765     
   10313478277.680756     
   10344814491.410156     
   10376147315.506504     
   10407476441.960718     
   10438801562.800045     
   10470122370.091078     
   10501438555.942863     
   10532749812.509829     
   10564055831.994913     
   10595356306.652489     
   10626650928.791437     
   10657939390.778206     
   10689221385.039785     
   10720496604.066713     
   10751764740.416183     
   10783025486.714970     
   10814278535.662493     
   10845523580.033895     
   10876760312.682940     
   10907988426.545109     
   10939207614.640654     
   10970417570.077509     
   11001617986.054428     
   11032808555.863863     
   11063988972.895149     
   11095158930.637348     
   11126318122.682377     
   11157466242.727978     
   11188602984.580708     
   11219728042.159025     
   11250841109.496191     
   11281941880.743383     
   11313030050.172626     
   11344105312.179804     
   11375167361.287741     
   11406215892.149086     
   11437250599.549421     
   11468271178.410170     
   11499277323.791693     
   11530268730.896215     
   11561245095.070847     
   11592206111.810524     
   11623151476.761143     
   11654080885.722389     
   11684994034.650826     
   11715890619.662855     
   11746770337.037712     
   11777632883.220419     
   11808477954.824818     
   11839305248.636536     
   11870114461.615927     
   11900905290.901140     
   11931677433.810972     
   11962430587.847969     
   11993164450.701296     
   12023878720.249804     
   12054573094.564878     
   12085247271.913595     
   12115900950.761438     
   12146533829.775490     
   12177145607.827271     
   12207735983.995701     
   12238304657.570145     
   12268851328.053257     
   12299375695.164022     
   12329877458.840639     
   12360356319.243540     
   12390811976.758265     
   12421244131.998463     
   12451652485.808832     
   12482036739.268030     
   12512396593.691578     
   12542731750.634975     
   12573041911.896347     
   12603326779.519608     
   12633586055.797359     
   12663819443.273668     
   12694026644.747196     
   12724207363.273952     
   12754361302.170286     
   12784488165.015844     
   12814587655.656382     
   12844659478.206751     
   12874703337.053801     
   12904718936.859251     
   12934705982.562607     
   12964664179.384113     
   12994593232.827547     
   13024492848.683208     
   13054362733.030760     
   13084202592.242174     
   13114012132.984484     
   13143791062.222864     
   13173539087.223330     
   13203255915.555754     
   13232941255.096624     
   13262594814.032011     
   13292216300.860380     
   13321805424.395487     
   13351361893.769173     
   13380885418.434357     
   13410375708.167768     
   13439832473.072830     
   13469255423.582561     
   13498644270.462339     
   13527998724.812841     
   13557318498.072790     
   13586603302.021830     
   13615852848.783394     
   13645066850.827486     
   13674245020.973518     
   13703387072.393133     
   13732492718.613045     
   13761561673.517817     
   13790593651.352730     
   13819588366.726534     
   13848545534.614286     
   13877464870.360138     
   13906346089.680138     
   13935188908.665051     
   13963993043.783087     
   13992758211.882761     
   14021484130.195631     
   14050170516.339071     
   14078817088.319124     
   14107423564.533169     
   14135989663.772717     
   14164515105.226231     
   14192999608.481836     
   14221442893.530071     
   14249844680.766741     
   14278204690.995474     
   14306522645.430643     
   14334798265.700062     
   14363031273.847557     
   14391221392.336029     
   14419368344.049871     
   14447471852.297871     
   14475531640.815901     
   14503547433.769489     
   14531518955.756767     
   14559445931.811018     
   14587328087.403439     
   14615165148.445801     
   14642956841.293146     
   14670702892.746563     
   14698403030.055756     
   14726056980.921778     
   14753664473.499718     
   14781225236.401369     
   14808738998.697861     
   14836205489.922390     
   14863624440.072790     
   14890995579.614275     
   14918318639.482010     
   14945593351.083847     
   14972819446.302866     
   14999996657.500088     
   15027124717.517065     
   15054203359.678514     
   15081232317.794888     
   15108211326.165163     
   15135140119.579271     
   15162018433.320740     
   15188846003.169344     
   15215622565.403723     
   15242347856.803858     
   15269021614.653797     
   15295643576.744162     
   15322213481.374741     
   15348731067.357037     
   15375196074.016867     
   15401608241.196926     
   15427967309.259314     
   15454273019.088146     
   15480525112.092020     
   15506723330.206602     
   15532867415.897196     
   15558957112.161219     
   15584992162.530739     
   15610972311.075020     
   15636897302.403015     
   15662766881.665905     
   15688580794.559559     
   15714338787.327065     
   15740040606.761232     
   15765686000.207075     
   15791274715.564232     
   15816806501.289585     
   15842281106.399591     
   15867698280.472799     
   15893057773.652376     
   15918359336.648436     
   15943602720.740601     
   15968787677.780407     
   15993913960.193724     
   16018981320.983221     
   16043989513.730766     
   16068938292.599894     
   16093827412.338142     
   16118656628.279541     
   16143425696.347021     
   16168134373.054712     
   16192782415.510460     
   16217369581.418127     
   16241895629.080021     
   16266360317.399265     
   16290763405.882147     
   16315104654.640488     
   16339383824.394018     
   16363600676.472731     
   16387754972.819197     
   16411846475.990938     
   16435874949.162737     
   16459840156.128965     
   16483741861.305965     
   16507579829.734266     
   16531353827.080967     
   16555063619.641994     
   16578708974.344473     
   16602289658.748899     
   16625805441.051561     
   16649256090.086699     
   16672641375.328873     
   16695961066.895140     
   16719214935.547371     
   16742402752.694508     
   16765524290.394791     
   16788579321.357998     
   16811567618.947670     
   16834488957.183369     
   16857343110.742901     
   16880129854.964470     
   16902848965.848961     
   16925500220.062098     
   16948083394.936666     
   16970598268.474678     
   16993044619.349541     
   17015422226.908289     
   17037730871.173721     
   17059970332.846533     
   17082140393.307529     
   17104240834.619722     
   17126271439.530508     
   17148231991.473803     
   17170122274.572136     
   17191942073.638832     
   17213691174.180016     
   17235369362.396893     
   17256976425.187683     
   17278512150.149841     
   17299976325.582031     
   17321368740.486286     
   17342689184.570091     
   17363937448.248386     
   17385113322.645657     
   17406216599.598034     
   17427247071.655270     
   17448204532.082821     
   17469088774.863842     
   17489899594.701248     
   17510636787.019722     
   17531300147.967720     
   17551889474.419468     
   17572404563.976997     
   17592845214.972057     
   17613211226.468197     
   17633502398.262661     
   17653718530.888374     
   17673859425.615971     
   17693924884.455616     
   17713914710.159096     
   17733828706.221634     
   17753666676.883888     
   17773428427.133896     
   17793113762.708935     
   17812722490.097446     
   17832254416.540985     
   17851709350.036041     
   17871087099.335976     
   17890387473.952896     
   17909610284.159515     
   17928755340.991013     
   17947822456.246910     
   17966811442.492931     
   17985722113.062801     
   18004554282.060089     
   18023307764.360142     
   18041982375.611691     
   18060577932.238884     
   18079094251.442947     
   18097531151.204048     
   18115888450.283066     
   18134165968.223347     
   18152363525.352566     
   18170480942.784340     
   18188518042.420166     
   18206474646.951038     
   18224350579.859249     
   18242145665.420109     
   18259859728.703659     
   18277492595.576454     
   18295044092.703182     
   18312514047.548466     
   18329902288.378414     
   18347208644.262531     
   18364432945.075180     
   18381575021.497368     
   18398634705.018360     
   18415611827.937439     
   18432506223.365410     
   18449317725.226299     
   18466046168.259071     
   18482691388.019127     
   18499253220.879940     
   18515731504.034805     
   18532126075.498169     
   18548436774.107544     
   18564663439.524845     
   18580805912.238068     
   18596864033.562836     
   18612837645.644009     
   18628726591.457096     
   18644530714.810040     
   18660249860.344494     
   18675883873.537491     
   18691432600.702911     
   18706895888.993122     
   18722273586.400238     
   18737565541.757862     
   18752771604.742363     
   18767891625.874523     
   18782925456.520950     
   18797872948.895454     
   18812733956.060600     
   18827508331.929161     
   18842195931.265491     
   18856796609.686924     
   18871310223.665340     
   18885736630.528419     
   18900075688.461105     
   18914327256.507084     
   18928491194.569981     
   18942567363.414917     
   18956555624.669758     
   18970455840.826569     
   18984267875.242867     
   18997991592.143066     
   19011626856.619736     
   19025173534.634972     
   19038631493.021637     
   19052000599.484825     
   19065280722.602993     
   19078471731.829334     
   19091573497.493088     
   19104585890.800755     
   19117508783.837368     
   19130342049.567822     
   19143085561.837967     
   19155739195.376125     
   19168302825.793953     
   19180776329.588001     
   19193159584.140705     
   19205452467.721706     
   19217654859.489014     
   19229766639.490192     
   19241787688.663517     
   19253717888.839203     
   19265557122.740536     
   19277305273.984955     
   19288962227.085354     
   19300527867.451054     
   19312002081.389042     
   19323384756.105049     
   19334675779.704628     
   19345875041.194309     
   19356982430.482658     
   19367997838.381378     
   19378921156.606339     
   19389752277.778732     
   19400491095.425972     
   19411137503.982967     
   19421691398.792892     
   19432152676.108467     
   19442521233.092808     
   19452796967.820496     
   19462979779.278584     
   19473069567.367561     
   19483066232.902428     
   19492969677.613514     
   19502779804.147591     
   19512496516.068745     
   19522119717.859364     
   19531649314.921032     
   19541085213.575520     
   19550427321.065659     
   19559675545.556301     
   19568829796.135170     
   19577889982.813747     
   19586856016.528214     
   19595727809.140305     
   19604505273.438164     
   19613188323.137169     
   19621776872.880856     
   19630270838.241707     
   19638670135.721985     
   19646974682.754581     
   19655184397.703743     
   19663299199.866043     
   19671319009.470959     
   19679243747.681862     
   19687073336.596622     
   19694807699.248524     
   19702446759.606857     
   19709990442.577843     
   19717438674.005241     
   19724791380.671127     
   19732048490.296589     
   19739209931.542526     
   19746275634.010162     
   19753245528.241993     
   19760119545.722221     
   19766897618.877621     
   19773579681.078026     
   19780165666.637180     
   19786655510.813244     
   19793049149.809456     
   19799346520.774773     
   19805547561.804535     
   19811652211.940987     
   19817660411.173897     
   19823572100.441238     
   19829387221.629623     
   19835105717.575035     
   19840727532.063202     
   19846252609.830387     
   19851680896.563652     
   19857012338.901653     
   19862246884.434971     
   19867384481.706753     
   19872425080.213158     
   19877368630.403858     
   19882215083.682549     
   19886964392.407406     
   19891616509.891525     
   19896171390.403481     
   19900628989.167633     
   19904989262.364723     
   19909252167.132187     
   19913417661.564575     
   19917485704.714066     
   19921456256.590813     
   19925329278.163261     
   19929104731.358673     
   19932782579.063404     
   19936362785.123272     
   19939845314.343975     
   19943230132.491360     
   19946517206.291855     
   19949706503.432663     
   19952797992.562206     
   19955791643.290382     
   19958687426.188801     
   19961485312.791222     
   19964185275.593708     
   19966787288.054958     
   19969291324.596458     
   19971697360.602951     
   19974005372.422466     
   19976215337.366669     
   19978327233.710999     
   19980341040.695000     
   19982256738.522392     
   19984074308.361393     
   19985793732.344818     
   19987414993.570236     
   19988938076.100262     
   19990362964.962551     
   19991689646.150078     
   19992918106.621212     
   19994048334.299820     
   19995080318.075478     
   19996014047.803463     
   19996849514.304970     
   19997586709.367107     
   19998225625.743019     
   19998766257.151962     
   19999208598.279335     
   19999552644.776806     
   19999798393.262234     
   19999945841.319786     
