   5.0000781274358381     
   5.0003906469620043     
   5.0010157104248290     
   5.0019533471504651     
   5.0032035864557649     
   5.0047664576770039     
   5.0066419901582293     
   5.0088302132552442     
   5.0113311563167642     
   5.0141448487284208     
   5.0172713198605479     
   5.0207105990995089     
   5.0244627158518114     
   5.0285276995208221     
   5.0329055795191664     
   5.0375963852768422     
   5.0426001462249275     
   5.0479168918099191     
   5.0535466514853624     
   5.0594894547118088     
   5.0657453309627840     
   5.0723143097174130     
   5.0791964204666016     
   5.0863916927107766     
   5.0939001559568027     
   5.1017218397263520     
   5.1098567735393772     
   5.1183049869408137     
   5.1270665094698700     
   5.1361413706869712     
   5.1455296001531963     
   5.1552312274409076     
   5.1652462821379004     
   5.1755747938318848     
   5.1862167921267144     
   5.1971723066272375     
   5.2084413669488470     
   5.2200240026729148     
   5.2319202432481404     
   5.2441301175571766     
   5.2566536523114564     
   5.2694908663400497     
   5.2826417510925410     
   5.2961062073551943     
   5.3098838492138327     
   5.3239734257895179     
   5.3383711996173133     
   5.3530666310331583     
   5.3680315077280341     
   5.3831941184756715     
   5.3983816558882438     
   5.4132004519311749     
   5.4268060645454739     
   5.4375017719107177     
   5.4421153914440765     
   5.4351732133113160     
   5.4080388514140054     
   5.3483745852968809     
   5.2403701056316550     
   5.0659908960930125     
   4.8070236309251300     
   4.4472393989258308     
   3.9739307820167937     
   3.3784535989070719     
   2.6558944663586885     
   1.8042574216946150     
  0.82355247343036808     
  0.28498474433240517     
   1.5194648152579475     
   2.8777206231256969     
   4.3575340027504126     
   5.9567610187153832     
   7.6733937115404842     
   9.5055844051705094     
   11.451649202689850     
   13.510060711664266     
   15.679435813821954     
   17.958521714336996     
   20.346181985829219     
   22.841383451450326     
   25.443184266130402     
   28.150723293704687     
   30.963210743934553     
   33.879919970862659     
   36.900180310434621     
   40.023370832169405     
   43.248914886516843     
   46.576275340943823     
   50.004950410336960     
   53.534469999746022     
   57.164392488871840     
   60.894301897771129     
   64.723805382206137     
   68.652531014478086     
   72.680125812183178     
   76.806253982711837     
   81.030595356031995     
   85.352843982195282     
   89.772706873257221     
   94.289902872284415     
   98.904161634339061     
   103.61522270640967     
   108.42283469509061     
   113.32675451206273     
   118.32674668891002     
   123.42258275376980     
   128.61404066321882     
   133.90090428367887     
   139.28296291727531     
   144.76001086763119     
   150.33184704170105     
   155.99827458409970     
   161.75910054080055     
   167.61413554952128     
   173.56319355419350     
   179.60609154143810     
   185.74264929697381     
   191.97268918028328     
   198.29603591585578     
   204.71251639963168     
   211.22195951936487     
   217.82419598770775     
   224.51905818699277     
   231.30638002474132     
   238.18599679907447     
   245.15774507320668     
   252.22146255828522     
   259.37698800405428     
   266.62416109656681     
   273.96282236257957     
   281.39281308002421     
   288.91397519415591     
   296.52615123897772     
   304.22918426350896     
   312.02291776261393     
   319.90719561203105     
   327.88186200732810     
   335.94676140652609     
   344.10173847608598     
   352.34663804011029     
   360.68130503251223     
   369.10558445192169     
   377.61932131921503     
   386.22236063743185     
   394.91454735400998     
   403.69572632510130     
   412.56574228190470     
   421.52443979884151     
   430.57166326353604     
   439.70725684838180     
   448.93106448370872     
   458.24292983237274     
   467.64269626573014     
   477.13020684090634     
   486.70530427926315     
   496.36783094604584     
   506.11762883104461     
   515.95453953037463     
   525.87840422911472     
   535.88906368493122     
   545.98635821250650     
   556.17012766883840     
   566.44021143924874     
   576.79644842415610     
   587.23867702652092     
   597.76673513995433     
   608.38046013742814     
   619.07968886059825     
   629.86425760965062     
   640.73400213369700     
   651.68875762166567     
   662.72835869367032     
   673.85263939282572     
   685.06143317749343     
   696.35457291395119     
   707.73189086941920     
   719.19321870548401     
   730.73838747188211     
   742.36722760057319     
   754.07956890019113     
   765.87524055075778     
   777.75407109870275     
   789.71588845216547     
   801.76051987655774     
   813.88779199036480     
   826.09753076121592     
   838.38956150215768     
   850.76370886817676     
   863.21979685289239     
   875.75764878550422     
   888.37708732787428     
   901.07793447184895     
   913.86001153671191     
   926.72313916684607     
   939.66713732950757     
   952.69182531283059     
   965.79702172388420     
   978.98254448696503     
   992.24821084197106     
   1005.5938373429146     
   1019.0192398565823     
   1032.5242335612984     
   1046.1086329458058     
   1059.7722518082674     
   1073.5149032553722     
   1087.3363997015426     
   1101.2365528682358     
   1115.2151737833588     
   1129.2720727807487     
   1143.4070594997816     
   1157.6199428850105     
   1171.9105311859639     
   1186.2786319569291     
   1200.7240520568930     
   1215.2465976495168     
   1229.8460742031912     
   1244.5222864911466     
   1259.2750385916788     
   1274.1041338883624     
   1289.0093750703959     
   1303.9905641329456     
   1319.0475023776253     
   1334.1799904129398     
   1349.3878281548596     
   1364.6708148274151     
   1380.0287489633142     
   1395.4614284046788     
   1410.9686503037597     
   1426.5502111237370     
   1442.2059066395650     
   1457.9355319388110     
   1473.7388814226260     
   1489.6157488066792     
   1505.5659271221380     
   1521.5892087167476     
   1537.6853852558793     
   1553.8542477236342     
   1570.0955864240123     
   1586.4091909820854     
   1602.7948503451962     
   1619.2523527842177     
   1635.7814858948327     
   1652.3820365988181     
   1669.0537911454180     
   1685.7965351126691     
   1702.6100534088268     
   1719.4941302737670     
   1736.4485492804361     
   1753.4730933363412     
   1770.5675446850155     
   1787.7316849075760     
   1804.9652949242513     
   1822.2681549959648     
   1839.6400447259057     
   1857.0807430611717     
   1874.5900282943976     
   1892.1676780654052     
   1909.8134693628926     
   1927.5271785261366     
   1945.3085812467102     
   1963.1574525702154     
   1981.0735668980510     
   1999.0566979891933     
   2017.1066189619778     
   2035.2231022959259     
   2053.4059198335599     
   2071.6548427822790     
   2089.9696417161917     
   2108.3500865780193     
   2126.7959466809803     
   2145.3069907107229     
   2163.8829867272157     
   2182.5237021667344     
   2201.2289038437921     
   2219.9983579531199     
   2238.8318300716705     
   2257.7290851605730     
   2276.6898875672150     
   2295.7140010272092     
   2314.8011886664758     
   2333.9512130032740     
   2353.1638359502922     
   2372.4388188167063     
   2391.7759223102848     
   2411.1749065394961     
   2430.6355310156091     
   2450.1575546548493     
   2469.7407357805164     
   2489.3848321251498     
   2509.0896008326813     
   2528.8547984606121     
   2548.6801809822196     
   2568.5655037887082     
   2588.5105216914676     
   2608.5149889242548     
   2628.5786591454234     
   2648.7012854401964     
   2668.8826203228564     
   2689.1224157390452     
   2709.4204230680343     
   2729.7763931249665     
   2750.1900761631823     
   2770.6612218764803     
   2791.1895794014445     
   2811.7748973197367     
   2832.4169236604694     
   2853.1154059024675     
   2873.8700909766476     
   2894.6807252683793     
   2915.5470546198112     
   2936.4688243322589     
   2957.4457791685691     
   2978.4776633554966     
   2999.5642205861022     
   3020.7051940221791     
   3041.9003262965844     
   3063.1493595157481     
   3084.4520352620111     
   3105.8080945961119     
   3127.2172780595947     
   3148.6793256772617     
   3170.1939769596320     
   3191.7609709053895     
   3213.3800460038437     
   3235.0509402374455     
   3256.7733910841971     
   3278.5471355202062     
   3300.3719100221369     
   3322.2474505697483     
   3344.1734926483605     
   3366.1497712514010     
   3388.1760208829082     
   3410.2519755600752     
   3432.3773688157835     
   3454.5519337011183     
   3476.7754027879510     
   3499.0475081714721     
   3521.3679814727366     
   3543.7365538412796     
   3566.1529559576547     
   3588.6169180359766     
   3611.1281698265966     
   3633.6864406186014     
   3656.2914592424640     
   3678.9429540726323     
   3701.6406530301147     
   3724.3842835851501     
   3747.1735727597370     
   3770.0082471303549     
   3792.8880328305340     
   3815.8126555534900     
   3838.7818405548132     
   3861.7953126550619     
   3884.8527962424250     
   3907.9540152754189     
   3931.0986932854976     
   3954.2865533797603     
   3977.5173182435828     
   4000.7907101433284     
   4024.1064509290391     
   4047.4642620370796     
   4070.8638644928606     
   4094.3049789135448     
   4117.7873255107106     
   4141.3106240931083     
   4164.8745940693334     
   4188.4789544505657     
   4212.1234238532761     
   4235.8077205019554     
   4259.5315622318622     
   4283.2946664917326     
   4307.0967503465263     
   4330.9375304801933     
   4354.8167231983789     
   4378.7340444312358     
   4402.6892097361151     
   4426.6819343003845     
   4450.7119329441493     
   4474.7789201230571     
   4498.8826099310554     
   4523.0227161031626     
   4547.1989520182797     
   4571.4110307019264     
   4595.6586648290986     
   4619.9415667269877     
   4644.2594483778448     
   4668.6120214217426     
   4692.9989971594005     
   4717.4200865549828     
   4741.8750002389106     
   4766.3634485107114     
   4790.8851413417769     
   4815.4397883782594     
   4840.0270989438468     
   4864.6467820426233     
   4889.2985463618943     
   4913.9821002750186     
   4938.6971518442660     
   4963.4434088236676     
   4988.2205786618288     
   5013.0283685048125     
   5037.8664851990316     
   5062.7346352940031     
   5087.6325250453283     
   5112.5598604174584     
   5137.5163470866564     
   5162.5016904437825     
   5187.5155955972350     
   5212.5577673757944     
   5237.6279103315210     
   5262.7257287426355     
   5287.8509266163819     
   5313.0032076919742     
   5338.1822754434070     
   5363.3878330824646     
   5388.6195835615035     
   5413.8772295764320     
   5439.1604735695792     
   5464.4690177326274     
   5489.8025640094811     
   5515.1608140992357     
   5540.5434694590613     
   5565.9502313070934     
   5591.3808006254239     
   5616.8348781629629     
   5642.3121644383800     
   5667.8123597430713     
   5693.3351641440049     
   5718.8802774867509     
   5744.4473993983747     
   5770.0362292903319     
   5795.6464663614788     
   5821.2778096009915     
   5846.9299577912780     
   5872.6026095109801     
   5898.2954631378652     
   5924.0082168518320     
   5949.7405686378324     
   5975.4922162888042     
   6001.2628574087103     
   6027.0521894153826     
   6052.8599095436075     
   6078.6857148479794     
   6104.5293022059141     
   6130.3903683206663     
   6156.2686097241985     
   6182.1637227802184     
   6208.0754036871349     
   6234.0033484810210     
   6259.9472530386374     
   6285.9068130803153     
   6311.8817241730667     
   6337.8716817334152     
   6363.8763810305009     
   6389.8955171890557     
   6415.9287851922563     
   6441.9758798849125     
   6468.0364959762810     
   6494.1103280431817     
   6520.1970705328840     
   6546.2964177661615     
   6572.4080639403273     
   6598.5317031320956     
   6624.6670293007392     
   6650.8137362909438     
   6676.9715178359165     
   6703.1400675603272     
   6729.3190789833116     
   6755.5082455215270     
   6781.7072604920668     
   6807.9158171155705     
   6834.1336085190942     
   6860.3603277393013     
   6886.5956677252743     
   6912.8393213416766     
   6939.0909813716735     
   6965.3503405199717     
   6991.6170914158411     
   7017.8909266161099     
   7044.1715386081723     
   7070.4586198130328     
   7096.7518625883076     
   7123.0509592311737     
   7149.3556019815169     
   7175.6654830248317     
   7201.9802944952953     
   7228.2997284787652     
   7254.6234770158026     
   7280.9512321047005     
   7307.2826857044911     
   7333.6175297379341     
   7359.9554560946071     
   7386.2961566338654     
   7412.6393231879028     
   7438.9846475647537     
   7465.3318215512554     
   7491.6805369162230     
   7518.0304854132828     
   7544.3813587840741     
   7570.7328487610721     
   7597.0846470708275     
   7623.4364454368224     
   7649.7879355825517     
   7676.1388092345587     
   7702.4887581254225     
   7728.8374739968240     
   7755.1846486025261     
   7781.5299737113874     
   7807.8731411104363     
   7834.2138426078454     
   7860.5517700360069     
   7886.8866152544560     
   7913.2180701529760     
   7939.5458266546157     
   7965.8695767186455     
   7992.1890123436297     
   8018.5038255704603     
   8044.8137084853297     
   8071.1183532227369     
   8097.4174519685694     
   8123.7106969630804     
   8149.9977805039089     
   8176.2783949490859     
   8202.5522327200833     
   8228.8189863047592     
   8255.0783482604656     
   8281.3300112170036     
   8307.5736678796220     
   8333.8090110320827     
   8360.0357335396093     
   8386.2535283519446     
   8412.4620885063778     
   8438.6611071306488     
   8464.8502774460667     
   8491.0292927704777     
   8517.1978465212505     
   8543.3556322183013     
   8569.5023434871109     
   8595.6376740616415     
   8621.7613177875101     
   8647.8729686247789     
   8673.9723206511262     
   8700.0590680647165     
   8726.1329051873254     
   8752.1935264671811     
   8778.2406264820911     
   8804.2738999423636     
   8830.2930416938343     
   8856.2977467208129     
   8882.2877101491085     
   8908.2626272489852     
   8934.2221934381942     
   8960.1661042849064     
   8986.0940555107081     
   9012.0057429936005     
   9037.9008627709591     
   9063.7791110425187     
   9089.6401841733295     
   9115.4837786967764     
   9141.3095913174802     
   9167.1173189143392     
   9192.9066585434284     
   9218.6773074410430     
   9244.4289630266139     
   9270.1613229056311     
   9295.8740848727030     
   9321.5669469144086     
   9347.2396072123611     
   9372.8917641460557     
   9398.5231162959080     
   9424.1333624461367     
   9449.7222015877578     
   9475.2893329215058     
   9500.8344558607951     
   9526.3572700346449     
   9551.8574752906079     
   9577.3347716977460     
   9602.7888595495169     
   9628.2194393667396     
   9653.6262119005150     
   9679.0088781351333     
   9704.3671392910292     
   9729.7006968276910     
   9755.0092524465526     
   9780.2925080939513     
   9805.5501659640468     
   9830.7819285016521     
   9855.9874984052512     
   9881.1665786298272     
   9906.3188723897983     
   9931.4440831619140     
   9956.5419146881359     
   9981.6120709785591     
   10006.654256314294     
   10031.668175250319     
   10056.653532618431     
   10081.610033530094     
   10106.537383379296     
   10131.435287845456     
   10156.303452896313     
   10181.141584790739     
   10205.949390081687     
   10230.726575618950     
   10255.472848552119     
   10280.187916333409     
   10304.871486720476     
   10329.523267779326     
   10354.142967887108     
   10378.730295734993     
   10403.284960331055     
   10427.806671002947     
   10452.295137400963     
   10476.750069500682     
   10501.171177605904     
   10525.558172351368     
   10549.910764705712     
   10574.228665974179     
   10598.511587801457     
   10622.759242174496     
   10646.971341425320     
   10671.147598233769     
   10695.287725630411     
   10719.391436999209     
   10743.458446080389     
   10767.488466973189     
   10791.481214138656     
   10815.436402402420     
   10839.353746957473     
   10863.232963366891     
   10887.073767566662     
   10910.875875868442     
   10934.639004962211     
   10958.362871919178     
   10982.047194194414     
   11005.691689629602     
   11029.296076455872     
   11052.860073296391     
   11076.383399169204     
   11099.865773489926     
   11123.306916074436     
   11146.706547141608     
   11170.064387316033     
   11193.380157630731     
   11216.653579529788     
   11239.884374871190     
   11263.072265929284     
   11286.216975397814     
   11309.318226392264     
   11332.375742452483     
   11355.389247545934     
   11378.358466069691     
   11401.283122853494     
   11424.162943162104     
   11446.997652698334     
   11469.786977605472     
   11492.530644469834     
   11515.228380323588     
   11537.879912647291     
   11560.484969372514     
   11583.043278884479     
   11605.554570024673     
   11628.018572093426     
   11650.435014852579     
   11672.803628527961     
   11695.124143812131     
   11717.396291866846     
   11739.619804325675     
   11761.794413296566     
   11783.919851364459     
   11805.995851593791     
   11828.022147531043     
   11849.998473207343     
   11871.924563140978     
   11893.800152339902     
   11915.624976304291     
   11937.398771029095     
   11959.121273006522     
   11980.792219228542     
   12002.411347189391     
   12023.978394888094     
   12045.493100830967     
   12066.955204033995     
   12088.364444025459     
   12109.720560848300     
   12131.023295062576     
   12152.272387748008     
   12173.467580506338     
   12194.608615463838     
   12215.695235273684     
   12236.727183118410     
   12257.704202712330     
   12278.626038303933     
   12299.492434678310     
   12320.303137159537     
   12341.057891613053     
   12361.756444448063     
   12382.398542619867     
   12402.983933632275     
   12423.512365539947     
   12443.983586950713     
   12464.397347027963     
   12484.753395492913     
   12505.051482626979     
   12525.291359274090     
   12545.472776842929     
   12565.595487309332     
   12585.659243218477     
   12605.663797687215     
   12625.608904406336     
   12645.494317642801     
   12665.319792242028     
   12685.085083630103     
   12704.789947816018     
   12724.434141393882     
   12744.017421545186     
   12763.539546040915     
   12783.000273243795     
   12802.399362110478     
   12821.736572193684     
   12841.011663644367     
   12860.224397213849     
   12879.374534256014     
   12898.461836729366     
   12917.486067199156     
   12936.446988839529     
   12955.344365435565     
   12974.177961385376     
   12992.947541702186     
   13011.652872016348     
   13030.293718577421     
   13048.869848256189     
   13067.381028546708     
   13085.827027568237     
   13104.207614067251     
   13122.522557419499     
   13140.771627631875     
   13158.954595344363     
   13177.071231832069     
   13195.121309006983     
   13213.104599420101     
   13231.020876263028     
   13248.869913370178     
   13266.651485220347     
   13284.365366938753     
   13302.011334298750     
   13319.589163723667     
   13337.098632288646     
   13354.539517722340     
   13371.911598408740     
   13389.214653388848     
   13406.448462362481     
   13423.612805689911     
   13440.707464393570     
   13457.732220159687     
   13474.686855340002     
   13491.571152953293     
   13508.384896687057     
   13525.127870899083     
   13541.799860618950     
   13558.400651549633     
   13574.930030068957     
   13591.387783231177     
   13607.773698768346     
   13624.087565091802     
   13640.329171293604     
   13656.498307147864     
   13672.594763112171     
   13688.618330328918     
   13704.568800626581     
   13720.445966520998     
   13736.249621216659     
   13751.979558607942     
   13767.635573280211     
   13783.217460511056     
   13798.725016271397     
   13814.158037226574     
   13829.516320737413     
   13844.799664861239     
   13860.007868352808     
   13875.140730665415     
   13890.198051951618     
   13905.179633064243     
   13920.085275557121     
   13934.914781685937     
   13949.667954408942     
   13964.344597387670     
   13978.944514987554     
   13993.467512278596     
   14007.913395035896     
   14022.281969740114     
   14036.573043577966     
   14050.786424442613     
   14064.921920934048     
   14078.979342359307     
   14092.958498732696     
   14106.859200776107     
   14120.681259918900     
   14134.424488298097     
   14148.088698758285     
   14161.673704851528     
   14175.179320837233     
   14188.605361681843     
   14201.951643058499     
   14215.217981346737     
   14228.404193631886     
   14241.510097704537     
   14254.535512059909     
   14267.480255896993     
   14280.344149117824     
   14293.127012326408     
   14305.828666827776     
   14318.448934626682     
   14330.987638426453     
   14343.444601627521     
   14355.819648325916     
   14368.112603311667     
   14380.323292066951     
   14392.451540764283     
   14404.497176264365     
   14416.460026113989     
   14428.339918543625     
   14440.136682464941     
   14451.850147468089     
   14463.480143818924     
   14475.026502455970     
   14486.489054987160     
   14497.867633686456     
   14509.162071490246     
   14520.372201993549     
   14531.497859445859     
   14542.538878747033     
   14553.495095442620     
   14564.366345719227     
   14575.152466399333     
   14585.853294936132     
   14596.468669407841     
   14606.998428511804     
   14617.442411558342     
   14627.800458464157     
   14638.072409745459     
   14648.258106510668     
   14658.357390452878     
   14668.370103841746     
   14678.296089515090     
   14688.135190870042     
   14697.887251853597     
   14707.552116952927     
   14717.129631184987     
   14726.619640085693     
   14736.021989698485     
   14745.336526562380     
   14754.563097699345     
   14763.701550601047     
   14772.751733214911     
   14781.713493929525     
   14790.586681559216     
   14799.371145327801     
   14808.066734851727     
   14816.673300121987     
   14825.190691485361     
   14833.618759624729     
   14841.957355537983     
   14850.206330516346     
   14858.365536121106     
   14866.434824159438     
   14874.414046658731     
   14882.303055839751     
   14890.101704088156     
   14897.809843924631     
   14905.427327973379     
   14912.954008928911     
   14920.389739520950     
   14927.734372477553     
   14934.987760485983     
   14942.149756151768     
   14949.220211954980     
   14956.198980204525     
   14963.085912989547     
   14969.880862128179     
   14976.583679113392     
   14983.194215055537     
   14989.712320621766     
   14996.137845971687     
   15002.470640689411     
   15008.710553711360     
   15014.857433249839     
   15020.911126711959     
   15026.871480613514     
   15032.738340487693     
   15038.511550787953     
   15044.190954784819     
   15049.776394456178     
   15055.267710370481     
   15060.664741562396     
   15065.967325400299     
   15071.175297445017     
   15076.288491299107     
   15081.306738445957     
   15086.229868077895     
   15091.057706912306     
   15095.790078995065     
   15100.426805489842     
   15104.967704452534     
   15109.412590588956     
   15113.761274995151     
   15118.013564877969     
   15122.169263254778     
   15126.228168630012     
   15130.190074646700     
   15134.054769710558     
   15137.822036583722     
   15141.491651945933     
   15145.063385919111     
   15148.537001552260     
   15151.912254262374     
   15155.188891226957     
   15158.366650722757     
   15161.445261405253     
   15164.424441522115     
   15167.303898053218     
   15170.083325768963     
   15172.762406197020     
   15175.340806486747     
   15177.818178158344     
   15180.194155722707     
   15182.468355154648     
   15184.640372200480     
   15186.709780497124     
   15188.676129476549     
   15190.538942024181     
   15192.297711855237     
   15193.951900565393     
   15195.500934304404     
   15196.944200011218     
   15198.281041136106     
   15199.510752760252     
   15200.632576003092     
   15201.645691582704     
   15202.549212362679     
   15203.342174677451     
   15204.023528174046     
   15204.592123836468     
   15205.046699764483     
   15205.385864148546     
   15205.608074705175     
   15205.711613589730     
   15205.694556449824     
   15205.554733770627     
   15205.289681903065     
   15204.896580006331     
   15204.372167317117     
   15203.712632204952     
   15202.913459456096     
   15201.969213611086     
   15200.873216504831     
   15199.617075300004     
   15198.189629720408     
   15196.577411321225     
   15194.747019847677     
   15192.730373319682     
   15190.121290241063     
   15188.162863278136     
   15183.849434380707     
   15183.738160157176     
   15178.774998332319     
   15180.148571234109     
   15175.149342205827     
   15177.389817017593     
   15172.389826104161     
   15175.372042588071     
   15170.372042654104     
   15174.052113246802     
   15169.052113247111     
   15173.416226068050     
   15168.416226068082     
   15173.469532093666     
   15168.469532093681     
   15174.232231806523     
   15169.232231806549     
   15175.738714329051     
   15170.738714329051     
   15178.038658381487     
   15173.038658381516     
   15181.199972589617     
   15176.199972589657     
   15185.314072047750     
   15180.314072047757     
   15190.504753295798     
   15185.504753295842     
   15196.943344322179     
   15191.943344322190     
   15204.875990439508     
   15199.875990439516     
   15214.677246826657     
   15209.677246826766     
   15226.969952393476     
   15221.969952393531     
   15242.954605433046     
   15237.954605433115     
   15265.739890892550     
   15260.739890892572     
