   2.1805971096482555     
   8.0418199161566939     
   27.712041401761439     
   57.148533251836824     
   96.397193298133629     
   145.46833255820832     
   204.36494503257720     
   273.08783666391525     
   351.63695635592319     
   440.01183359738087     
   538.21174794300282     
   646.23580302091477     
   764.08296197004211     
   891.75206569623504     
   1029.2418428542817     
   1176.5509155870354     
   1333.6778029692939     
   1500.6209231455298     
   1677.3785947119429     
   1863.9490376255312     
   2060.3303738264890     
   2266.5206276718613     
   2482.5177262459083     
   2708.3194995897998     
   2943.9236808716773     
   3189.3279065222591     
   3444.5297163392256     
   3709.5265535735566     
   3984.3157650040712     
   4268.8946009976653     
   4563.2602155666154     
   4867.4096664182944     
   5181.3399150015457     
   5505.0478265507054     
   5838.5301701284634     
   6181.7836186653658     
   6534.8047490012905     
   6897.5900419241871     
   7270.1358822104085     
   7652.4385586640465     
   8044.4942641563557     
   8446.2990956675767     
   8857.8490543255557     
   9279.1400454491650     
   9710.1678785885597     
   10150.928267569076     
   10601.416830533806     
   11061.629089988601     
   11531.560472846104     
   12011.206310471518     
   12500.561838730000     
   12999.622198033276     
   13508.382433388513     
   14026.837494447136     
   14554.982235554709     
   15092.811415802507     
   15640.319699078616     
   16197.501654120417     
   16764.351754569761     
   17340.864379025785     
   17927.033811101341     
   18522.854239478856     
   19128.319757968387     
   19743.424365563787     
   20368.161966505239     
   21002.526370335188     
   21646.511291963339     
   22300.110351725321     
   22963.317075447165     
   23636.124894508383     
   24318.527145907283     
   25010.517072325172     
   25712.087822194349     
   26423.232449764841     
   27143.943915172411     
   27874.215084508432     
   28614.038729889398     
   29363.407529528398     
   30122.314067807518     
   30890.750835349609     
   31668.710229093569     
   32456.184552367697     
   33253.166014966220     
   34059.646733225702     
   34875.618730102928     
   35701.073935252760     
   36536.004185107617     
   37380.401222957422     
   38234.256699032107     
   39097.562170581790     
   39970.309101961437     
   40852.488864713741     
   41744.092737654530     
   42645.111906958540     
   43555.537466245085     
   44475.360416666728     
   45404.571666997188     
   46343.162033721426     
   47291.122241125056     
   48248.442921385773     
   49215.114614665130     
   50191.127769202918     
   51176.472741409591     
   52171.139795961470     
   53175.119105896476     
   54188.400752711234     
   55210.974726457556     
   56242.830925842092     
   57283.959158324644     
   58334.349140218190     
   59393.990496791812     
   60462.872762370127     
   61540.985380437676     
   62628.317703742490     
   63724.858994400871     
   64830.598424002863     
   65945.525073718076     
   67069.627934404329     
   68202.895906713849     
   69345.317801205165     
   70496.882338450218     
   71657.578149147565     
   72827.393774232449     
   74006.317664990464     
   75194.338183171116     
   76391.443601101710     
   77597.622101802393     
   78812.861779102692     
   80037.150637759274     
   81270.476593573214     
   82512.827473508107     
   83764.191015810735     
   85024.554870131542     
   86293.906597645255     
   87572.233671173846     
   88859.523475309979     
   90155.763306539782     
   91460.940373369012     
   92775.041796447971     
   94098.054608698789     
   95429.965755442536     
   96770.762094526159     
   98120.430396456111     
   99478.957344521696     
   100846.32953493240     
   102222.53347694580     
   103607.55559300052     
   105001.38221885232     
   106403.99960370483     
   107815.39391034728     
   109235.55121528958     
   110664.45750889916     
   112102.09869553885     
   113548.46059370498     
   115003.52893616854     
   116467.28937011222     
   117939.72745727570     
   119420.82867409285     
   120910.57841183826     
   122408.96197676971     
   123915.96459027179     
   125431.57138900220     
   126955.76742503708     
   128488.53766601846     
   130029.86699530212     
   131579.74021210647     
   133138.14203165981     
   134705.05708535388     
   136280.46992089314     
   137864.36500244588     
   139456.72671079860     
   141057.53934350860     
   142666.78711505927     
   144284.45415701388     
   145910.52451817220     
   147544.98216472749     
   149187.81098042490     
   150838.99476671763     
   152498.51724292830     
   154166.36204640850     
   155842.51273269879     
   157526.95277569094     
   159219.66556779100     
   160920.63442008154     
   162629.84256248569     
   164347.27314393333     
   166072.90923252481     
   167806.73381569970     
   169548.72980040088     
   171298.88001324658     
   173057.16720069529     
   174823.57402921800     
   176598.08308546746     
   178380.67687644970     
   180171.33782969578     
   181970.04829343458     
   183776.79053676687     
   185591.54674983869     
   187414.29904401663     
   189245.02945206492     
   191083.71992831948     
   192930.35234886879     
   194784.90851172816     
   196647.37013702191     
   198517.71886716166     
   200395.93626702650     
   202282.00382414568     
   204175.90294887777     
   206077.61497459648     
   207987.12115787272     
   209904.40267865884     
   211829.44064047362     
   213762.21607058853     
   215702.70992021315     
   217650.90306468471     
   219606.77630365256     
   221570.31036127062     
   223541.48588638444     
   225520.28345272128     
   227506.68355908408     
   229500.66662953913     
   231502.21301361074     
   233511.30298647480     
   235527.91674915131     
   237552.03442870011     
   239583.63607841462     
   241622.70167802091     
   243669.21113387070     
   245723.14427914275     
   247784.48087403789     
   249853.20060597907     
   251929.28308981267     
   254012.70786800623     
   256103.45441085164     
   258201.50211666504     
   260306.83031199107     
   262419.41825180629     
   264539.24511972110     
   266666.29002818541     
   268800.53201869491     
   270941.95006199507     
   273090.52305829141     
   275246.22983745212     
   277409.04915921920     
   279578.95971341780     
   281755.94012016273     
   283939.96893007273     
   286131.02462447743     
   288329.08561563113     
   290534.13024692383     
   292746.13679309562     
   294965.08346044854     
   297190.94838706189     
   299423.70964300720     
   301663.34523056267     
   303909.83308443101     
   306163.15107195452     
   308423.27699333546     
   310690.18858185015     
   312963.86350407213     
   315244.27936008910     
   317531.41368372308     
   319825.24394275312     
   322125.74753913516     
   324432.90180922428     
   326746.68402399932     
   329067.07138928224     
   331394.04104596679     
   333727.57007024117     
   336067.63547381334     
   338414.21420413622     
   340767.28314463550     
   343126.81911493815     
   345492.79887109646     
   347865.19910581980     
   350243.99644870311     
   352629.16746645590     
   355020.68866313208     
   357418.53648036293     
   359822.68729758792     
   362233.11743228487     
   364649.80314020562     
   367072.72061560862     
   369501.84599149146     
   371937.15533982764     
   374378.62467179989     
   376826.22993803676     
   379279.94702884968     
   381739.75177447021     
   384205.61994528456     
   386677.52725207689     
   389155.44934626209     
   391639.36182013096     
   394129.24020708603     
   396625.05998188374     
   399126.79656087578     
   401634.42530224967     
   404147.92150627100     
   406667.26041552948     
   409192.41721517546     
   411723.36703317252     
   414260.08494053362     
   416802.54595157260     
   419350.72502414649     
   421904.59705990215     
   424464.13690452313     
   427029.31934797781     
   429600.11912476539     
   432176.51091416780     
   434758.46934049280     
   437345.96897332883     
   439938.98432779172     
   442537.48986477900     
   445141.45999121544     
   447750.86906030931     
   450365.69137180282     
   452985.90117222245     
   455611.47265513841     
   458242.37996141083     
   460878.59717944852     
   463520.09834546346     
   466166.85744372412     
   468818.84840681258     
   471476.04511588061     
   474138.42140090617     
   476805.95104095055     
   479478.60776441713     
   482156.36524930794     
   484839.19712348317     
   487527.07696492109     
   490219.97830197791     
   492917.87461364613     
   495620.73932981706     
   498328.54583154136     
   501041.26745129126     
   503758.87747322116     
   506481.34913343145     
   509208.65562023257     
   511940.77007440617     
   514677.66558947309     
   517419.31521195068     
   520165.69194162538     
   522916.76873181551     
   525672.51848963508     
   528432.91407626192     
   531197.92830720404     
   533967.53395257040     
   536741.70373732981     
   539520.41034158797     
   542303.62640085223     
   545091.32450630050     
   547883.47720505146     
   550680.05700043309     
   553481.03635225503     
   556286.38767707837     
   559096.08334848587     
   561910.09569735394     
   564728.39701212640     
   567550.95953908563     
   570377.75548262312     
   573208.75700551737     
   576043.93622920336     
   578883.26523404988     
   581726.71605962957     
   584574.26070500014     
   587425.87112897320     
   590281.51925039582     
   593141.17694841896     
   596004.81606278429     
   598872.40839408909     
   601743.92570407444     
   604619.33971589641     
   607498.62211440492     
   610381.74454642239     
   613268.67862102482     
   616159.39590981719     
   619053.86794721347     
   621952.06623072282     
   624853.96222121734     
   627759.52734322380     
   630668.73298520269     
   633581.55049982062     
   636497.95120424568     
   639417.90638041811     
   642341.38727533806     
   645268.36510134744     
   648198.81103641179     
   651132.69622440555     
   654069.99177539314     
   657010.66876591323     
   659954.69823926792     
   662902.05120580026     
   665852.69864318473     
   668806.61149670696     
   671763.76067955815     
   674724.11707310961     
   677687.65152721107     
   680654.33486046514     
   683624.13786052470     
   686597.03128437558     
   689572.98585861980     
   692551.97227977135     
   695533.96121453901     
   698518.92330011691     
   701506.82914447261     
   704497.64932663320     
   707491.35439698177     
   710487.91487753741     
   713487.30126225390     
   716489.48401730170     
   719494.43358136539     
   722502.12036593177     
   725512.51475557650     
   728525.58710826177     
   731541.30775562476     
   734559.64700326649     
   737580.57513104973     
   740604.06239338743     
   743630.07901953475     
   746658.59521388123     
   749689.58115624695     
   752723.00700217555     
   755758.84288322076     
   758797.05890725087     
   761837.62515873124     
   764880.51169902924     
   767925.68856669986     
   770973.12577778287     
   774022.79332610324     
   777074.66118355503     
   780128.69930040685     
   783184.87760559120     
   786243.16600700386     
   789303.53439179610     
   792365.95262667327     
   795430.39055818995     
   798496.81801304629     
   801565.20479838632     
   804635.52070209209     
   807707.73549308162     
   810781.81892160815     
   813857.74071955471     
   816935.47060073237     
   820014.97826117836     
   823096.23337945552     
   826179.20561694494     
   829263.86461815389     
   832350.18001100246     
   835438.12140713353     
   838527.65840219939     
   841618.76057617390     
   844711.39749364043     
   847805.53870409762     
   850901.15374225413     
   853998.21212833491     
   857096.68336837157     
   860196.53695451037     
   863297.74236530741     
   866400.26906603016     
   869504.08650895662     
   872609.16413367994     
   875715.47136740072     
   878822.97762523603     
   881931.65231051366     
   885041.46481507597     
   888152.38451958122     
   891264.38079380454     
   894377.42299693578     
   897491.48047788255     
   900606.52257557667     
   903722.51861926494     
   906839.43792882119     
   909957.24981504120     
   913075.92357994698     
   916195.42851708783     
   919315.73391184339     
   922436.80904172314     
   925558.62317667110     
   928681.14557936660     
   931804.34550552536     
   934928.19220420357     
   938052.65491810080     
   941177.70288385765     
   944303.30533236638     
   947429.43148906494     
   950556.05057424249     
   953683.13180334738     
   956810.64438727929     
   959938.55753270048     
   963066.84044233675     
   966195.46231527568     
   969324.39234727481     
   972453.59973106312     
   975583.05365664163     
   978712.72331158863     
   981842.57788136031     
   984972.58654959779     
   988102.71849842498     
   991232.94290875434     
   994363.22896059218     
   997493.54583333328     
   1000623.8627060753     
   1003754.1487579116     
   1006884.3731682412     
   1010014.5051170671     
   1013144.5137853037     
   1016274.3683550741     
   1019404.0380100199     
   1022533.4919355960     
   1025662.6993193828     
   1028791.6293513796     
   1031920.2512243157     
   1035048.5341339493     
   1038176.4472793672     
   1041303.9598632955     
   1044431.0410923968     
   1047557.6601775705     
   1050683.7863342655     
   1053809.3887827701     
   1056934.4367485223     
   1060058.8994624144     
   1063182.7461610879     
   1066305.9460872419     
   1069428.4684899307     
   1072550.2826248729     
   1075671.3577547465     
   1078791.6631494961     
   1081911.1680866298     
   1085029.8418515285     
   1088147.6537377420     
   1091264.5730472910     
   1094380.5690909710     
   1097495.6111886573     
   1100609.6686695970     
   1103722.7108727186     
   1106834.7071469338     
   1109945.6268514299     
   1113055.4393559841     
   1116164.1140412511     
   1119271.6202990778     
   1122377.9275327874     
   1125483.0051575012     
   1128586.8226004171     
   1131689.3493011296     
   1134790.5547119160     
   1137890.4082980424     
   1140988.8795380681     
   1144085.9379241369     
   1147181.5529622815     
   1150275.6941727262     
   1153368.3310901807     
   1156459.4332641412     
   1159548.9702591952     
   1162636.9116553124     
   1165723.2270481470     
   1168807.8860493426     
   1171890.8582868176     
   1174972.1134050812     
   1178051.6210655123     
   1181129.3509466744     
   1184205.2727446044     
   1187279.3561731162     
   1190351.5709640898     
   1193421.8868677802     
   1196490.2736531033     
   1199556.7011079434     
   1202621.1390394422     
   1205683.5572743025     
   1208743.9256590770     
   1211802.2140604716     
   1214858.3923656377     
   1217912.4304824721     
   1220964.2983399045     
   1224013.9658882052     
   1227061.4030992691     
   1230106.5799669202     
   1233149.4665071978     
   1236190.0327586597     
   1239228.2487826676     
   1242264.0846636931     
   1245297.5105095988     
   1248328.4964519441     
   1251357.0126462681     
   1254383.0292723933     
   1257406.5165347068     
   1260427.4446624685     
   1263445.7839100885     
   1266461.5045574259     
   1269474.5769100885     
   1272484.9712997086     
   1275492.6580842491     
   1278497.6076482898     
   1281499.7904033130     
   1284499.1767880018     
   1287495.7372685329     
   1290489.4423388552     
   1293480.2625209901     
   1296468.1683653167     
   1299453.1304508697     
   1302435.1193856092     
   1305414.1058067321     
   1308390.0603809496     
   1311362.9538047712     
   1314332.7568048020     
   1317299.4401380266     
   1320262.9745920994     
   1323223.3309856197     
   1326180.4801684401     
   1329134.3930219323     
   1332085.0404592846     
   1335032.3934257852     
   1337976.4228991074     
   1340917.0998895967     
   1343854.3954405517     
   1346788.2806285112     
   1349718.7265635426     
   1352645.7043895179     
   1355569.1852844034     
   1358489.1404605415     
   1361405.5411649309     
   1364318.3586795141     
   1367227.5643214565     
   1370133.1294434262     
   1373035.0254338849     
   1375933.2237173554     
   1378827.6957547145     
   1381718.4130434692     
   1384605.3471180315     
   1387488.4695500110     
   1390367.7519484812     
   1393243.1659602621     
   1396114.6832702088     
   1398982.2756014729     
   1401845.9147157965     
   1404705.5724137782     
   1407561.2205351575     
   1410412.8309590851     
   1413260.3756044158     
   1416103.8264299494     
   1418943.1554347535     
   1421778.3346583941     
   1424609.3361812450     
   1427436.1321247360     
   1430258.6946516475     
   1433076.9959663760     
   1435891.0083151953     
   1438700.7039865553     
   1441506.0553113306     
   1444307.0346631031     
   1447103.6144584350     
   1449895.7671571358     
   1452683.4652625341     
   1455466.6813217471     
   1458245.3879259541     
   1461019.5577106618     
   1463789.1633559749     
   1466554.1775868635     
   1469314.5731734368     
   1472070.3229312028     
   1474821.3997213370     
   1477567.7764509567     
   1480309.4260733770     
   1483046.3215883861     
   1485778.4360425025     
   1488505.7425292453     
   1491228.2141893986     
   1493945.8242112692     
   1496658.5458309606     
   1499366.3523326225     
   1502069.2170487307     
   1504767.1133603367     
   1507460.0146973305     
   1510147.8945387071     
   1512830.7264128176     
   1515508.4838976448     
   1518181.1406210454     
   1520848.6702610231     
   1523511.0465459821     
   1526168.2432549829     
   1528820.2342180032     
   1531466.9933161943     
   1534108.4944821403     
   1536744.7117001070     
   1539375.6190063076     
   1542001.1904891517     
   1544621.4002894992     
   1547236.2226009187     
   1549845.6316699372     
   1552449.6017962985     
   1555048.1073332091     
   1557641.1226875950     
   1560228.6223203528     
   1562810.5807465990     
   1565386.9725359210     
   1567957.7723126288     
   1570522.9547560019     
   1573082.4946005403     
   1575636.3666362124     
   1578184.5457087026     
   1580727.0067196563     
   1583263.7246269323     
   1585794.6744448417     
   1588319.8312443998     
   1590839.1701535683     
   1593352.6663574995     
   1595860.2950987823     
   1598362.0316776820     
   1600857.8514523872     
   1603347.7298392479     
   1605831.6423130210     
   1608309.5644071102     
   1610781.4717138049     
   1613247.3398845210     
   1615707.1446300405     
   1618160.8617207534     
   1620608.4669868876     
   1623049.9363187572     
   1625485.2456669887     
   1627914.3710427654     
   1630337.2885180612     
   1632753.9742258755     
   1635164.4043604629     
   1637568.5551775775     
   1639966.4029946963     
   1642357.9241912588     
   1644743.0952088975     
   1647121.8925516650     
   1649494.2927862713     
   1651860.2725423104     
   1654219.8085124944     
   1656572.8774528718     
   1658919.4561830712     
   1661259.5215865187     
   1663593.0506106683     
   1665920.0202672263     
   1668240.4076323791     
   1670554.1898470232     
   1672861.3441169807     
   1675161.8477132281     
   1677455.6779721240     
   1679742.8122956215     
   1682023.2281514998     
   1684296.9030735807     
   1686563.8146619543     
   1688823.9405831909     
   1691077.2585705691     
   1693323.7464242904     
   1695563.3820116969     
   1697796.1432674907     
   1700022.0081939516     
   1702240.9548611490     
   1704452.9614071643     
   1706658.0060382977     
   1708856.0670292915     
   1711047.1227235326     
   1713231.1515332786     
   1715408.1319398566     
   1717578.0424938852     
   1719740.8618154812     
   1721896.5685944671     
   1724045.1415905885     
   1726186.5596337100     
   1728320.8016240408     
   1730447.8465323220     
   1732567.6734000503     
   1734680.2613396787     
   1736785.5895348149     
   1738883.6372404357     
   1740974.3837830855     
   1743057.8085610815     
   1745133.8910447147     
   1747202.6107764523     
   1749263.9473711427     
   1751317.8805162050     
   1753364.3899718435     
   1755403.4555712361     
   1757435.0572207337     
   1759459.1749000610     
   1761475.7886625149     
   1763484.8786351511     
   1765486.4250189918     
   1767480.4080892161     
   1769466.8081953414     
   1771445.6057614398     
   1773416.7812863090     
   1775380.3153436806     
   1777336.1885823996     
   1779284.3817266168     
   1781224.8755759848     
   1783157.6510058390     
   1785082.6889673879     
   1786999.9704879045     
   1788909.4766709085     
   1790811.1886963514     
   1792705.0878208021     
   1794591.1553776357     
   1796469.3727772112     
   1798339.7215070589     
   1800202.1831320557     
   1802056.7392946121     
   1803903.3717148539     
   1805742.0621907967     
   1807572.7925985279     
   1809395.5448923842     
   1811210.3011051305     
   1813017.0433481303     
   1814815.7538115322     
   1816606.4147644367     
   1818389.0085550707     
   1820163.5176109683     
   1821929.9244391317     
   1823688.2116262158     
   1825438.3618386916     
   1827180.3578230164     
   1828914.1824058092     
   1830639.8184940114     
   1832357.2490750644     
   1834066.4572170675     
   1835767.4260689495     
   1837460.1388606345     
   1839144.5789032045     
   1840820.7295890658     
   1842488.5743921099     
   1844148.0968678764     
   1845799.2806537172     
   1847442.1094689558     
   1849076.5671150435     
   1850702.6374757262     
   1852320.3045171967     
   1853929.5522882552     
   1855530.3649204636     
   1857122.7266283068     
   1858706.6217093410     
   1860282.0345443508     
   1861848.9495975068     
   1863407.3514165126     
   1864957.2246327589     
   1866498.5539614737     
   1868031.3242018754     
   1869555.5202373210     
   1871071.1270354504     
   1872578.1296483397     
   1874076.5132126473     
   1875566.2629497568     
   1877047.3641659261     
   1878519.8022524281     
   1879983.5626856994     
   1881438.6310274755     
   1882884.9929249415     
   1884322.6341108663     
   1885751.5404037470     
   1887171.6977079466     
   1888583.0920138306     
   1889985.7093979085     
   1891379.5360229712     
   1892764.5581382187     
   1894140.7620794098     
   1895508.1342689788     
   1896866.6612161875     
   1898216.3295172402     
   1899557.1258554298     
   1900889.0370012582     
   1902212.0498125758     
   1903526.1512346992     
   1904831.3283005527     
   1906127.5681307840     
   1907414.8579339001     
   1908693.1850063861     
   1909962.5367328336     
   1911222.9005860635     
   1912474.2641272494     
   1913716.6150060431     
   1914949.9409606876     
   1916174.2298181476     
   1917389.4694942248     
   1918595.6479936703     
   1919792.7534103165     
   1920980.7739271813     
   1922159.6978165908     
   1923329.5134402942     
   1924490.2092495766     
   1925641.7737853690     
   1926784.1956783729     
   1927917.4636491565     
   1929041.5665082778     
   1930156.4931563865     
   1931262.2325843391     
   1932358.7738733054     
   1933446.1061948731     
   1934524.2188111562     
   1935593.1010749007     
   1936652.7424295917     
   1937703.1324095502     
   1938744.2606400438     
   1939776.1168373825     
   1940798.6908090264     
   1941811.9724536757     
   1942815.9517613840     
   1943810.6188136442     
   1944795.9637834909     
   1945771.9769355976     
   1946738.6486263738     
   1947695.9693040543     
   1948643.9295087969     
   1949582.5198727800     
   1950511.7311202828     
   1951431.5540677852     
   1952341.9796240591     
   1953242.9987902532     
   1954134.6026599817     
   1955016.7824194157     
   1955889.5293473655     
   1956752.8348153697     
   1957606.6902877758     
   1958451.0873218309     
   1959286.0175677580     
   1960111.4727688392     
   1960927.4447615033     
   1961733.9254753948     
   1962530.9069334657     
   1963318.3812520425     
   1964096.3406409135     
   1964864.7774033940     
   1965623.6839364173     
   1966373.0527305917     
   1967112.8763702954     
   1967843.1475337220     
   1968563.8589929794     
   1969275.0036141463     
   1969976.5743573415     
   1970668.5642768035     
   1971350.9665209451     
   1972023.7743324297     
   1972686.9810482399     
   1973340.5800997333     
   1973984.5650127137     
   1974618.9294074939     
   1975243.6669989577     
   1975858.7715966206     
   1976464.2371046925     
   1977060.0575221370     
   1977646.2269427269     
   1978222.7395551093     
   1978789.5896428549     
   1979346.7715845185     
   1979894.2798536927     
   1980432.1090190627     
   1980960.2537444581     
   1981478.7087889065     
   1981987.4690066851     
   1982486.5293473667     
   1982975.8848558750     
   1983455.5306725299     
   1983925.4620330904     
   1984385.6742688110     
   1984836.1628064769     
   1985276.9231684536     
   1985707.9509727270     
   1986129.2419329467     
   1986540.7918584659     
   1986942.5966543860     
   1987334.6523215850     
   1987716.9549567602     
   1988089.5007524672     
   1988452.2859971474     
   1988805.3070751654     
   1989148.5604668357     
   1989482.0427484564     
   1989805.7505923295     
   1990119.6807667948     
   1990423.8301362400     
   1990718.1956611271     
   1991002.7743980046     
   1991277.5634995066     
   1991542.5602143768     
   1991797.7618874395     
   1992043.1659595987     
   1992278.7699678065     
   1992504.5715450123     
   1992720.5684200998     
   1992926.7584177789     
   1993123.1394584351     
   1993309.7095579209     
   1993486.4668272459     
   1993653.4094721272     
   1993810.5357923398     
   1993957.8441807285     
   1994095.3331217144     
   1994223.0011889716     
   1994340.8470416691     
   1994448.8694182630     
   1994547.0671257537     
   1994635.4390202642     
   1994713.9839699047     
   1994782.7007788294     
   1994841.5880183293     
   1994890.6436088490     
   1994929.8636280443     
   1994959.2381654982     
   1994978.7319996904     
   1994988.0008760062     
