   5.0078371461590683     
   5.0392857375301556     
   5.1024365944468233     
   5.1976021417664278     
   5.3251052684267819     
   5.4852799182248688     
   5.6784717279438013     
   5.9050387177833414     
   6.1653520396850041     
   6.4597967899282835     
   6.7887728932022071     
   7.1526960664111741     
   7.5519988716034163     
   7.9871318688627468     
   8.4585648816036212     
   8.9667883886459947     
   9.5123150597797519     
   10.095681454253338     
   10.717449904940167     
   11.378210614912163     
   12.078583997994883     
   12.819223300755482     
   13.600817550637970     
   14.424094883894440     
   15.289826318081040     
   16.198830047875035     
   17.151976360587099     
   18.150193290242569     
   19.194473158064255     
   20.285880184799765     
   21.425559409802730     
   22.614747217531317     
   23.854783860756697     
   25.147128490856943     
   26.493377373719312     
   27.895286207331480     
   29.354797799325723     
   30.874076866631356     
   32.455554480386354     
   34.101985856572441     
   35.816527121908933     
   37.602839564850370     
   39.465237604735194     
   41.408890564168701     
   43.440222489539394     
   45.566952993226494     
   47.801879668550527     
   50.149071738585377     
   52.685953071079439     
   55.227158524903359     
   58.595952907156203     
   60.612719747619394     
   65.257064864570282     
   65.734881363127016     
   70.711508094926216     
   70.311124791631073     
   75.310222608237495     
   74.386222126073278     
   79.386196889015025     
   78.029812829893217     
   83.029812281757700     
   81.286237151840140     
   86.286237142244005     
   84.184409671915830     
   89.184409671777104     
   86.744576518307355     
   91.744576518305422     
   88.981660469612422     
   93.981660469611967     
   90.907070035009156     
   95.907070035008815     
   92.529768722066137     
   97.529768722065683     
   93.856950382805337     
   98.856950382805337     
   94.894487877315726     
   99.894487877315214     
   95.647243253539159     
   100.64724325353870     
   96.119289208240275     
   101.11928920823937     
   96.314071466695907     
   101.31407146669500     
   96.234530530775260     
   101.23453053077480     
   95.883194713487683     
   100.88319471348694     
   95.262252404616333     
   100.26225240461616     
   94.373609008394908     
   99.373609008394624     
   93.218932368140884     
   98.218932368139576     
   91.799689408319693     
   96.799689408319637     
   90.117175984353764     
   95.117175984353196     
   88.172541414616433     
   93.172541414615182     
   85.966808802949231     
   90.966808802949174     
   83.500891995772463     
   88.500891995772292     
   80.775609824262915     
   85.775609824262688     
   77.791698138329537     
   82.791698138329082     
   74.549820030996102     
   79.549820030995534     
   71.050574569614753     
   76.050574569613957     
   67.294504287160464     
   72.294504287160009     
   63.282101637845244     
   68.282101637845187     
   59.013814582950090     
   64.013814582948726     
   54.490051442474623     
   59.490051442474396     
   49.711185124161489     
   54.711185124160465     
   44.677556822145334     
   49.677556822145334     
   39.389479261984889     
   44.389479261983865     
   33.847239556143791     
   38.847239556142995     
   28.051101723794886     
   33.051101723794204     
   22.001308920345764     
   27.001308920345195     
   15.698085415077230     
   20.698085415076662     
   9.1416383496291473     
   14.141638349628238     
   2.3321593051658738     
   7.3321593051658738     
   4.7301742978845596     
  0.26982570211350776     
   12.045197947037423     
   7.0451979470377637     
   19.612758914213487     
   14.612758914214169     
   27.432715246219573     
   22.432715246220368     
   35.504934855974852     
   30.504934855975762     
   43.829294703021787     
   38.829294703021787     
   52.405680053273841     
   47.405680053274637     
   61.233983809249935     
   56.233983809252322     
   70.314105903141581     
   65.314105903142945     
   79.645952745971613     
   74.645952745973318     
   89.229436726942254     
   84.229436726944982     
   99.064475757745868     
   94.064475757746550     
   109.15099285722988     
   104.15099285723318     
   119.48891577237566     
   114.48891577237646     
   130.07817663190394     
   125.07817663190451     
   140.91871162939697     
   135.91871162939856     
   152.01046073299506     
   147.01046073299608     
   163.35336741917126     
   158.35336741917195     
   174.94737842829818     
   169.94737842829977     
   186.79244353997501     
   181.79244353997774     
   198.88851536630614     
   193.88851536630841     
   211.23554916148441     
   206.23554916148464     
   223.83350264622618     
   218.83350264622686     
   236.68233584574546     
   231.68233584574705     
   249.78201094006090     
   244.78201094006181     
   263.13249212558549     
   258.13249212558799     
   276.73374548702282     
   271.73374548702600     
   290.58573887871512     
   285.58573887871557     
   304.68844181460327     
   299.68844181460531     
   319.04182536615599     
   314.04182536615622     
   333.64586206754529     
   328.64586206754666     
   348.50052582755393     
   343.50052582755552     
   363.60579184757762     
   358.60579184757853     
   378.96163654536144     
   373.96163654536190     
   394.56803748388847     
   389.56803748388984     
   410.42497330514266     
   405.42497330514402     
   426.53242366826976     
   421.53242366827089     
   442.89036919186265     
   437.89036919186606     
   459.49879140007852     
   454.49879140007897     
   476.35767267216488     
   471.35767267216625     
   493.46699619536662     
   488.46699619536730     
   510.82674592074886     
   505.82674592075477     
   528.43690652187411     
   523.43690652187752     
   546.29746335602454     
   541.29746335602749     
   564.40840242787590     
   559.40840242787908     
   582.76971035538986     
   577.76971035539054     
   601.38137433778616     
   596.38137433778775     
   620.24338212547082     
   615.24338212547127     
   639.35572199173521     
   634.35572199173998     
   658.71838270619219     
   653.71838270619423     
   678.33135350970019     
   673.33135350970224     
   698.19462409084008     
   693.19462409084031     
   718.30818456368092     
   713.30818456368161     
   738.67202544687893     
   733.67202544688053     
   759.28613764393504     
   754.28613764393617     
   780.15051242457821     
   775.15051242458094     
   801.26514140718245     
   796.26514140718655     
   822.63001654220170     
   817.63001654220534     
   844.24513009645580     
   839.24513009645989     
   866.11047463833302     
   861.11047463833438     
   888.22604302374657     
   883.22604302375248     
   910.59182838291554     
   905.59182838292099     
   933.20782410776792     
   928.20782410777110     
   956.07402384007901     
   951.07402384008583     
   979.19042146019729     
   974.19042146020547     
   1002.5570110764047     
   997.55701107641107     
   1026.1737870147495     
   1021.1737870147572     
   1050.0407438094858     
   1045.0407438094935     
   1074.1578761939309     
   1069.1578761939318     
   1098.5251790918605     
   1093.5251790918610     
   1123.1426476092774     
   1118.1426476092806     
   1148.0102770266049     
   1143.0102770266076     
   1173.1280627912815     
   1168.1280627912870     
   1198.4960005107237     
   1193.4960005107264     
   1224.1140859456091     
   1219.1140859456168     
   1249.9823150034931     
   1244.9823150034936     
   1276.1006837327609     
   1271.1006837327686     
   1302.4691883168357     
   1297.4691883168489     
   1329.0878250686933     
   1324.0878250686965     
   1355.9565904255651     
   1350.9565904255701     
   1383.0754809440077     
   1378.0754809440086     
   1410.4444932951087     
   1405.4444932951114     
   1438.0636242599298     
   1433.0636242599344     
   1465.9328707251975     
   1460.9328707251993     
   1494.0522296791560     
   1489.0522296791560     
   1522.4216982076114     
   1517.4216982076118     
   1551.0412734901665     
   1546.0412734901665     
   1579.9109527966243     
   1574.9109527966302     
   1609.0307334835657     
   1604.0307334835693     
   1638.4006129909931     
   1633.4006129909958     
   1668.0205888392657     
   1663.0205888392679     
   1697.8906586260528     
   1692.8906586260587     
   1728.0108200234554     
   1723.0108200234599     
   1758.3810707752637     
   1753.3810707752700     
   1789.0014086943338     
   1784.0014086943370     
   1819.8718316600480     
   1814.8718316600530     
   1850.9923376158863     
   1845.9923376158931     
   1882.3629245671659     
   1877.3629245671696     
   1913.9835905787663     
   1908.9835905787668     
   1945.8543337730371     
   1940.8543337730380     
   1977.9751523277673     
   1972.9751523277700     
   2010.3460444742036     
   2005.3460444742068     
   2042.9670084952072     
   2037.9670084952131     
   2075.8380427234206     
   2070.8380427234270     
   2108.9591455396167     
   2103.9591455396203     
   2142.3303153709335     
   2137.3303153709389     
   2175.9515506894045     
   2170.9515506894086     
   2209.8228500103237     
   2204.8228500103255     
   2243.9442118908651     
   2238.9442118908696     
   2278.3156349286282     
   2273.3156349286328     
   2312.9371177603180     
   2307.9371177603189     
   2347.8086590603880     
   2342.8086590603889     
   2382.9302575398597     
   2377.9302575398615     
   2418.3019119450837     
   2413.3019119450910     
   2453.9236210565687     
   2448.9236210565705     
   2489.7953836878933     
   2484.7953836879024     
   2525.9171986846686     
   2520.9171986846768     
   2562.2890649234196     
   2557.2890649234223     
   2598.9109813106570     
   2593.9109813106597     
   2635.7829467819220     
   2630.7829467819429     
   2672.9049603008652     
   2667.9049603008698     
   2710.2770208583124     
   2705.2770208583142     
   2747.8991274714981     
   2742.8991274715027     
   2785.7712791831327     
   2780.7712791831345     
   2823.8934750607395     
   2818.8934750607395     
   2862.2657141957834     
   2857.2657141957907     
   2900.8879957029694     
   2895.8879957029731     
   2939.7603187195646     
   2934.7603187195700     
   2978.8826824046682     
   2973.8826824046719     
   3018.2550859385838     
   3013.2550859385883     
   3057.8775285221373     
   3052.8775285221491     
   3097.7500093761191     
   3092.7500093761282     
   3137.8725277406502     
   3132.8725277406529     
   3178.2450828746341     
   3173.2450828746350     
   3218.8676740551609     
   3213.8676740551655     
   3259.7403005770166     
   3254.7403005770338     
   3300.8629617521738     
   3295.8629617521829     
   3342.2356569092453     
   3337.2356569092481     
   3383.8583853929995     
   3378.8583853930095     
   3425.7311465640059     
   3420.7311465640068     
   3467.8539397979839     
   3462.8539397979903     
   3510.2267644856038     
   3505.2267644856092     
   3552.8496200318659     
   3547.8496200318805     
   3595.7225058558070     
   3590.7225058558279     
   3638.8454213900550     
   3633.8454213900595     
   3682.2183660804922     
   3677.2183660804994     
   3725.8413393858364     
   3720.8413393858527     
   3769.7143407773010     
   3764.7143407773119     
   3813.8373697383067     
   3808.8373697383267     
   3858.2104257640767     
   3853.2104257640785     
   3902.8335083612847     
   3897.8335083612983     
   3947.7066170478802     
   3942.7066170478820     
   3992.8297513526149     
   3987.8297513526195     
   4038.2029108148827     
   4033.2029108149090     
   4083.8260949843952     
   4078.8260949843971     
   4129.6993034208226     
   4124.6993034208426     
   4175.8225356937082     
   4170.8225356937146     
   4222.1957913820115     
   4217.1957913820152     
   4268.8190700739642     
   4263.8190700739651     
   4315.6923713668475     
   4310.6923713668584     
   4362.8156948666883     
   4357.8156948667029     
   4410.1890401880491     
   4405.1890401880555     
   4457.8124069538771     
   4452.8124069538799     
   4505.6857947951421     
   4500.6857947951439     
   4553.8092033508046     
   4548.8092033508146     
   4602.1826322674651     
   4597.1826322674651     
   4650.8060811992509     
   4645.8060811992555     
   4699.6795498076044     
   4694.6795498076126     
   4748.8030377610667     
   4743.8030377610785     
   4798.1765447352327     
   4793.1765447352382     
   4847.8000704123033     
   4842.8000704123124     
   4897.6736144812103     
   4892.6736144812367     
   4947.7971766373403     
   4942.7971766373430     
   4998.1707565822589     
   4993.1707565822589     
   5048.7943540237357     
   5043.7943540237366     
   5099.6679686755024     
   5094.6679686755106     
   5150.7916002571083     
   5145.7916002571137     
   5202.1652484938186     
   5197.1652484938195     
   5253.7889131164375     
   5248.7889131164375     
   5305.6625938611569     
   5300.6625938611833     
   5357.7862904695039     
   5352.7862904695039     
   5410.1600026881479     
   5405.1600026881533     
   5462.7837302687767     
   5457.7837302687840     
   5515.6574729680169     
   5510.6574729680206     
   5568.7812305472880     
   5563.7812305472953     
   5622.1550027727035     
   5617.1550027727144     
   5675.7787894149205     
   5670.7787894149278     
   5729.6525902491794     
   5724.6525902491976     
   5783.7764050549122     
   5778.7764050549195     
   5838.1502336159574     
   5833.1502336159774     
   5892.7740757202464     
   5887.7740757202773     
   5947.6479311598123     
   5942.6479311598359     
   6002.7717997306663     
   5997.7717997306827     
   6058.1456812326942     
   6053.1456812327178     
   6113.7695754695997     
   6108.7695754696324     
   6169.6434822487536     
   6164.6434822487590     
   6225.7674013811957     
   6220.7674013811975     
   6282.1413326814672     
   6277.1413326814763     
   6338.7652759676457     
   6333.7652759676657     
   6395.6392310611482     
   6390.6392310611736     
   6452.7631977867095     
   6447.7631977867168     
   6510.1371759723334     
   6505.1371759723697     
   6567.7611654491102     
   6562.7611654491247     
   6625.6351660513483     
   6620.6351660513501     
   6683.7591776162826     
   6678.7591776162953     
   6742.1331999842077     
   6737.1331999842314     
   6800.7572329981922     
   6795.7572329981940     
   6859.6312765042658     
   6854.6312765042676     
   6918.7553303511613     
   6913.7553303511959     
   6978.1293943903511     
   6973.1293943903547     
   7037.7534684759958     
   7032.7534684760012     
   7097.6275524647499     
   7092.6275524647754     
   7157.7516462159820     
   7152.7516462159892     
   7218.1257495913414     
   7213.1257495913615     
   7278.7498624551536     
   7273.7498624551627     
   7339.6239846739045     
   7334.6239846739354     
   7400.7481161165724     
   7395.7481161165852     
   7462.1222566543438     
   7457.1222566543729     
   7523.7464061606752     
   7518.7464061606952     
   7585.6205645112459     
   7580.6205645112805     
   7647.7447315838090     
   7642.7447315838399     
   7710.1189072582547     
   7705.1189072583129     
   7772.7430914166307     
   7767.7430914166544     
   7835.6172839428000     
   7830.6172839428109     
   7898.7414847227774     
   7893.7414847227992     
   7962.1156936444295     
   7957.1156936444622     
   8025.7399105975455     
   8020.7399105975528     
   8089.6141354737683     
   8084.6141354737811     
   8153.7383681665633     
   8148.7383681666215     
   8218.1126085711949     
   8213.1126085712131     
   8282.7368565846318     
   8277.7368565846573     
   8347.6111121056474     
   8342.6111121056565     
   8412.7353750345756     
   8407.7353750345974     
   8478.1096452734691     
   8473.1096452734910     
   8543.7339227259963     
   8538.7339227259981     
   8609.6082072974095     
   8604.6082072974259     
   8675.7324988944474     
   8670.7324988944547     
   8742.1067974254402     
   8737.1067974254493     
   8808.7311028001786     
   8803.7311028001932     
   8875.6054149299598     
   8870.6054149299944     
   8942.7297337274285     
   8937.7297337274667     
   9010.1040591067012     
   9005.1040591067194     
   9077.7283909832913     
   9072.7283909833113     
   9145.6027292740146     
   9140.6027292740218     
   9213.7270738969946     
   9208.7270738970165     
   9282.1014247716921     
   9277.1014247717158     
   9350.7257818188955     
   9345.7257818188973     
   9419.6001449605828     
   9414.6001449605938     
   9488.7245141198582     
   9483.7245141199037     
   9558.0988892213154     
   9553.0988892213409     
   9627.7232701904668     
   9622.7232701904850     
   9697.5976569540926     
   9692.5976569540999     
   9767.7220494400699     
   9762.7220494400881     
   9838.0964475774781     
   9833.0964475775017     
   9908.7208512963934     
   9903.7208512964044     
   9979.5952605279617     
   9974.5952605280163     
   10050.719675204607     
   10045.719675204637     
   10122.094095259448     
   10117.094095259483     
   10193.718520626893     
   10188.718520626911     
   10265.592951242146     
   10260.592951242166     
   10337.717387041635     
   10332.717387041639     
   10410.091827962535     
   10405.091827962538     
   10482.716273943030     
   10477.716273943037     
   10555.590724922320     
   10550.590724922347     
   10628.715180840367     
   10623.715180840396     
   10702.089641638184     
   10697.089641638191     
   10775.714107257536     
   10770.714107257547     
   10849.588577641127     
   10844.588577641149     
   10923.713052732523     
   10918.713052732539     
   10998.087532476053     
   10993.087532476053     
   11072.712016816897     
   11067.712016816909     
   11147.586505701052     
   11142.586505701054     
   11222.710999075334     
   11217.710999075349     
   11298.085496887274     
   11293.085496887281     
   11373.709999085197     
   11368.709999085204     
   11449.584505618175     
   11444.584505618195     
   11525.709016436032     
   11520.709016436034     
   11602.083531489299     
   11597.083531489308     
   11678.708050729156     
   11673.708050729172     
   11755.582574107664     
   11750.582574107668     
   11832.707101577382     
   11827.707101577400     
   11910.081633091659     
   11905.081633091713     
   11987.706168604385     
   11982.706168604438     
   12065.580708070340     
   12060.580708070347     
   12143.705251444626     
   12138.705251444646     
   12222.079798683228     
   12217.079798683240     
   12300.704349742660     
   12295.704349742678     
   12379.578904580019     
   12374.578904580045     
   12458.703463153077     
   12453.703463153121     
   12538.078025420116     
   12533.078025420142     
   12617.702591340058     
   12612.702591340081     
   12697.577160872364     
   12692.577160872364     
   12777.701733977028     
   12772.701733977083     
   12858.076310614739     
   12853.076310614797     
   12938.700890746408     
   12933.700890746448     
   13019.575474333888     
   13014.575474333949     
   13100.700061339350     
   13095.700061339467     
   13182.074651725379     
   13177.074651725405     
   13263.699245455260     
   13258.699245455307     
   13345.573842492609     
   13340.573842492646     
   13427.698442801786     
   13422.698442801793     
   13510.073046347228     
   13505.073046347236     
   13592.697653094281     
   13587.697653094332     
   13675.572263008540     
   13670.572263008566     
   13758.696876056001     
   13753.696876056016     
   13842.071492203337     
   13837.071492203340     
   13925.696111417321     
   13920.696111417361     
   14009.570733665525     
   14004.570733665540     
   14093.695358915735     
   14088.695358915793     
   14178.069987136332     
   14173.069987136390     
   14262.694618295882     
   14257.694618295900     
   14347.569252363475     
   14342.569252363555     
   14432.693889308797     
   14427.693889308808     
   14518.068529101536     
   14513.068529101540     
   14603.693171712075     
   14598.693171712126     
   14689.567817111194     
   14684.567817111209     
   14775.692465269869     
   14770.692465269880     
   14862.067116159495     
   14857.067116159538     
   14948.691769751927     
   14943.691769751997     
   15035.566426019392     
   15030.566426019421     
   15122.691084934377     
   15117.691084934384     
   15210.065746469703     
   15205.065746469769     
   15297.690410598712     
   15292.690410598760     
   15385.565077294912     
   15380.565077294978     
   15473.689746532185     
   15468.689746532204     
   15562.064418284750     
   15557.064418284805     
   15650.689092527216     
   15645.689092527275     
   15739.563769234432     
   15734.563769234479     
   15828.688448381610     
   15823.688448381672     
   15918.063129944378     
   15913.063129944447     
   16007.687813898261     
   16002.687813898356     
   16097.562500219723     
   16092.562500219752     
   16187.687188884909     
   16182.687188885011     
   16278.061879870562     
   16273.061879870653     
   16368.686573153875     
   16363.686573153973     
   16459.561268711943     
   16454.561268712016     
   16550.685966522335     
   16545.685966522411     
   16642.060666562895     
   16637.060666562957     
   16733.685368811824     
   16728.685368811861     
   16825.560073247449     
   16820.560073247452     
   16917.684779848376     
   16912.684779848390     
   17010.059488593488     
   17005.059488593528     
   17102.684199461968     
   17097.684199462008     
   17195.558912433306     
   17190.558912433316     
   17288.683627487047     
   17283.683627487080     
   17382.058344603185     
   17377.058344603192     
   17475.683063761771     
   17470.683063761782     
   17569.557784943161     
   17564.557784943285     
   17663.682508128226     
   17658.682508128346     
   17758.057233297535     
   17753.057233297601     
   17852.681960432335     
   17847.681960432343     
   17947.556689513855     
   17942.556689513891     
   18042.681420523586     
   18037.681420523611     
   18138.056153443322     
   18133.056153443427     
   18233.680888255072     
   18228.680888255130     
   18329.555624940858     
   18324.555624940909     
   18425.680363483254     
   18420.680363483283     
   18522.055103864695     
   18517.055103864725     
   18618.679846068109     
   18613.679846068109     
   18715.554590076343     
   18710.554590076357     
   18812.679335872595     
   18807.679335872719     
   18910.054083440431     
   18905.054083440489     
   19007.678832763300     
   19002.678832763355     
   19105.553583824985     
   19100.553583825000     
   19203.678336609362     
   19198.678336609377     
   19302.053091100719     
   19297.053091100806     
   19400.677847283267     
   19395.677847283307     
   19499.552605141529     
   19494.552605141555     
   19598.677364660187     
   19593.677364660245     
   19698.052125824175     
   19693.052125824186     
   19797.676888618331     
   19792.676888618436     
   19897.551653028160     
   19892.551653028178     
   19997.676419038758     
   19992.676419038809     
   20098.051186635632     
   20093.051186635690     
   20198.675955804720     
   20193.675955804829     
   20299.550726531685     
   20294.550726531710     
   20400.675498802557     
   20395.675498802568     
   20502.050272603497     
   20497.050272603516     
   20603.675047920959     
   20598.675047920966     
   20705.549824741182     
   20700.549824741243     
   20807.674603051113     
   20802.674603051168     
   20910.049382837169     
   20905.049382837216     
   21012.674164086591     
   21007.674164086595     
   21115.548946786239     
   21110.548946786254     
   21218.673730923336     
   21213.673730923372     
   21322.048516485294     
   21317.048516485371     
   21425.673303459680     
   21420.673303459705     
   21529.548091833869     
   21524.548091833964     
   21633.672881595954     
   21628.672881595983     
   21738.047672733563     
   21733.047672733592     
   21842.672465234773     
   21837.672465234802     
   21947.547259087805     
   21942.547259087929     
   22052.672054280927     
   22047.672054280945     
   22158.046850802486     
   22153.046850802533     
   22263.671648641106     
   22258.671648641110     
   22369.546447785331     
   22364.546447785367     
   22475.671248224084     
   22470.671248224095     
   22582.046049946181     
   22577.046049946184     
   22688.670852940671     
   22683.670852940671     
   22795.545657196628     
   22790.545657196672     
   22902.670462703394     
   22897.670462703449     
   23010.045269450267     
   23005.045269450278     
   23117.670077426756     
   23112.670077426781     
   23225.544886622396     
   23220.544886622461     
   23333.669697027031     
   23328.669697027100     
   23442.044508630297     
   23437.044508630359     
   23550.669321422178     
   23545.669321422280     
   23659.544135392862     
   23654.544135392873     
   23768.668950532203     
   23763.668950532239     
   23878.043766830539     
   23873.043766830604     
   23987.668584278268     
   23982.668584278355     
   24097.543402865722     
   24092.543402865769     
   24207.668222583496     
   24202.668222583517     
   24318.043043422218     
   24313.043043422331     
   24428.667865372558     
   24423.667865372579     
   24539.542688425321     
   24534.542688425412     
   24650.667512571650     
   24645.667512571763     
   24762.042337802166     
   24757.042337802275     
   24873.667164108418     
   24868.667164108479     
   24985.541991481277     
   24980.541991481306     
   25097.666819912021     
   25092.666819912087     
   25210.041649392271     
   25205.041649392278     
   25322.666479913281     
   25317.666479913358     
   25435.541311466590     
   25430.541311466641     
   25548.666144044000     
   25543.666144044055     
   25662.040977637171     
   25657.040977637182     
   25775.665812262378     
   25770.665812262461     
   25889.540652295789     
   25884.540652295931     
   26003.666019751068     
   25998.666019751101     
   26118.078460546523     
   26113.078460546712     
   26233.987242853895     
   26228.987242854055     
   26366.159262587953     
   26361.159262587960     
