   7.5000000000000000     
   12.500000000000000     
   17.500000000000000     
   22.500000000000000     
   27.500000000000000     
   32.500000000000000     
   37.500000000000000     
   42.500000000000000     
   47.500000000000000     
   52.500000000000000     
   57.500000000000000     
   62.500000000000000     
   67.500000000000000     
   72.500000000000000     
   77.500000000000000     
   82.500000000000000     
   87.500000000000000     
   92.500000000000000     
   97.500000000000000     
   102.50000000000000     
   107.50000000000000     
   112.50000000000000     
   117.50000000000000     
   122.50000000000000     
   127.50000000000000     
   132.50000000000000     
   137.50000000000000     
   142.50000000000000     
   147.50000000000000     
   152.50000000000000     
   157.50000000000000     
   162.50000000000000     
   167.50000000000000     
   172.50000000000000     
   177.50000000000000     
   182.50000000000000     
   187.50000000000000     
   192.50000000000000     
   197.50000000000000     
   202.50000000000000     
   207.50000000000000     
   212.50000000000000     
   217.50000000000000     
   222.50000000000000     
   227.50000000000000     
   232.50000000000000     
   237.50000000000000     
   242.50000000000000     
   247.50000000000000     
   252.50000000000000     
   257.50000000000000     
   262.50000000000000     
   267.50000000000000     
   272.50000000000000     
   277.50000000000000     
   282.50000000000000     
   287.50000000000000     
   292.50000000000000     
   297.50000000000000     
   302.50000000000000     
   307.50000000000000     
   312.50000000000000     
   317.50000000000000     
   322.50000000000000     
   327.50000000000000     
   332.50000000000000     
   337.50000000000000     
   342.50000000000000     
   347.50000000000000     
   352.50000000000000     
   357.50000000000000     
   362.50000000000000     
   367.50000000000000     
   372.50000000000000     
   377.50000000000000     
   382.50000000000000     
   387.50000000000000     
   392.50000000000000     
   397.50000000000000     
   402.50000000000000     
   407.50000000000000     
   412.50000000000000     
   417.50000000000000     
   422.50000000000000     
   427.50000000000000     
   432.50000000000000     
   437.50000000000000     
   442.50000000000000     
   447.50000000000000     
   452.50000000000000     
   457.50000000000000     
   462.50000000000000     
   467.50000000000000     
   472.50000000000000     
   477.50000000000000     
   482.50000000000000     
   487.50000000000000     
   492.50000000000000     
   497.50000000000000     
   502.50000000000000     
   507.50000000000000     
   512.50000000000000     
   517.50000000000000     
   522.50000000000000     
   527.50000000000000     
   532.50000000000000     
   537.50000000000000     
   542.50000000000000     
   547.50000000000000     
   552.50000000000000     
   557.50000000000000     
   562.50000000000000     
   567.50000000000000     
   572.50000000000000     
   577.50000000000000     
   582.50000000000000     
   587.50000000000000     
   592.50000000000000     
   597.50000000000000     
   602.50000000000000     
   607.50000000000000     
   612.50000000000000     
   617.50000000000000     
   622.50000000000000     
   627.50000000000000     
   632.50000000000000     
   637.50000000000000     
   642.50000000000000     
   647.50000000000000     
   652.50000000000000     
   657.50000000000000     
   662.50000000000000     
   667.50000000000000     
   672.50000000000000     
   677.50000000000000     
   682.50000000000000     
   687.50000000000000     
   692.50000000000000     
   697.50000000000000     
   702.50000000000000     
   707.50000000000000     
   712.50000000000000     
   717.50000000000000     
   722.50000000000000     
   727.50000000000000     
   732.50000000000000     
   737.50000000000000     
   742.50000000000000     
   747.50000000000000     
   752.50000000000000     
   757.50000000000000     
   762.50000000000000     
   767.50000000000000     
   772.50000000000000     
   777.50000000000000     
   782.50000000000000     
   787.50000000000000     
   792.50000000000000     
   797.50000000000000     
   802.50000000000000     
   807.50000000000000     
   812.50000000000000     
   817.50000000000000     
   822.50000000000000     
   827.50000000000000     
   832.50000000000000     
   837.50000000000000     
   842.50000000000000     
   847.50000000000000     
   852.50000000000000     
   857.50000000000000     
   862.50000000000000     
   867.50000000000000     
   872.50000000000000     
   877.50000000000000     
   882.50000000000000     
   887.50000000000000     
   892.50000000000000     
   897.50000000000000     
   902.50000000000000     
   907.50000000000000     
   912.50000000000000     
   917.50000000000000     
   922.50000000000000     
   927.50000000000000     
   932.50000000000000     
   937.50000000000000     
   942.50000000000000     
   947.50000000000000     
   952.50000000000000     
   957.50000000000000     
   962.50000000000000     
   967.50000000000000     
   972.50000000000000     
   977.50000000000000     
   982.50000000000000     
   987.50000000000000     
   992.50000000000000     
   997.50000000000000     
   1002.5000000000000     
   1007.5000000000000     
   1012.5000000000000     
   1017.5000000000000     
   1022.5000000000000     
   1027.5000000000000     
   1032.5000000000000     
   1037.5000000000000     
   1042.5000000000000     
   1047.5000000000000     
   1052.5000000000000     
   1057.5000000000000     
   1062.5000000000000     
   1067.5000000000000     
   1072.5000000000000     
   1077.5000000000000     
   1082.5000000000000     
   1087.5000000000000     
   1092.5000000000000     
   1097.5000000000000     
   1102.5000000000000     
   1107.5000000000000     
   1112.5000000000000     
   1117.5000000000000     
   1122.5000000000000     
   1127.5000000000000     
   1132.5000000000000     
   1137.5000000000000     
   1142.5000000000000     
   1147.5000000000000     
   1152.5000000000000     
   1157.5000000000000     
   1162.5000000000000     
   1167.5000000000000     
   1172.5000000000000     
   1177.5000000000000     
   1182.5000000000000     
   1187.5000000000000     
   1192.5000000000000     
   1197.5000000000000     
   1202.5000000000000     
   1207.5000000000000     
   1212.5000000000000     
   1217.5000000000000     
   1222.5000000000000     
   1227.5000000000000     
   1232.5000000000000     
   1237.5000000000000     
   1242.5000000000000     
   1247.5000000000000     
   1252.5000000000000     
   1257.5000000000000     
   1262.5000000000000     
   1267.5000000000000     
   1272.5000000000000     
   1277.5000000000000     
   1282.5000000000000     
   1287.5000000000000     
   1292.5000000000000     
   1297.5000000000000     
   1302.5000000000000     
   1307.5000000000000     
   1312.5000000000000     
   1317.5000000000000     
   1322.5000000000000     
   1327.5000000000000     
   1332.5000000000000     
   1337.5000000000000     
   1342.5000000000000     
   1347.5000000000000     
   1352.5000000000000     
   1357.5000000000000     
   1362.5000000000000     
   1367.5000000000000     
   1372.5000000000000     
   1377.5000000000000     
   1382.5000000000000     
   1387.5000000000000     
   1392.5000000000000     
   1397.5000000000000     
   1402.5000000000000     
   1407.5000000000000     
   1412.5000000000000     
   1417.5000000000000     
   1422.5000000000000     
   1427.5000000000000     
   1432.5000000000000     
   1437.5000000000000     
   1442.5000000000000     
   1447.5000000000000     
   1452.5000000000000     
   1457.5000000000000     
   1462.5000000000000     
   1467.5000000000000     
   1472.5000000000000     
   1477.5000000000000     
   1482.5000000000000     
   1487.5000000000000     
   1492.5000000000000     
   1497.5000000000000     
   1502.5000000000000     
   1507.5000000000000     
   1512.5000000000000     
   1517.5000000000000     
   1522.5000000000000     
   1527.5000000000000     
   1532.5000000000000     
   1537.5000000000000     
   1542.5000000000000     
   1547.5000000000000     
   1552.5000000000000     
   1557.5000000000000     
   1562.5000000000000     
   1567.5000000000000     
   1572.5000000000000     
   1577.5000000000000     
   1582.5000000000000     
   1587.5000000000000     
   1592.5000000000000     
   1597.5000000000000     
   1602.5000000000000     
   1607.5000000000000     
   1612.5000000000000     
   1617.5000000000000     
   1622.5000000000000     
   1627.5000000000000     
   1632.5000000000000     
   1637.5000000000000     
   1642.5000000000000     
   1647.5000000000000     
   1652.5000000000000     
   1657.5000000000000     
   1662.5000000000000     
   1667.5000000000000     
   1672.5000000000000     
   1677.5000000000000     
   1682.5000000000000     
   1687.5000000000000     
   1692.5000000000000     
   1697.5000000000000     
   1702.5000000000000     
   1707.5000000000000     
   1712.5000000000000     
   1717.5000000000000     
   1722.5000000000000     
   1727.5000000000000     
   1732.5000000000000     
   1737.5000000000000     
   1742.5000000000000     
   1747.5000000000000     
   1752.5000000000000     
   1757.5000000000000     
   1762.5000000000000     
   1767.5000000000000     
   1772.5000000000000     
   1777.5000000000000     
   1782.5000000000000     
   1787.5000000000000     
   1792.5000000000000     
   1797.5000000000000     
   1802.5000000000000     
   1807.5000000000000     
   1812.5000000000000     
   1817.5000000000000     
   1822.5000000000000     
   1827.5000000000000     
   1832.5000000000000     
   1837.5000000000000     
   1842.5000000000000     
   1847.5000000000000     
   1852.5000000000000     
   1857.5000000000000     
   1862.5000000000000     
   1867.5000000000000     
   1872.5000000000000     
   1877.5000000000000     
   1882.5000000000000     
   1887.5000000000000     
   1892.5000000000000     
   1897.5000000000000     
   1902.5000000000000     
   1907.5000000000000     
   1912.5000000000000     
   1917.5000000000000     
   1922.5000000000000     
   1927.5000000000000     
   1932.5000000000000     
   1937.5000000000000     
   1942.5000000000000     
   1947.5000000000000     
   1952.5000000000000     
   1957.5000000000000     
   1962.5000000000000     
   1967.5000000000000     
   1972.5000000000000     
   1977.5000000000000     
   1982.5000000000000     
   1987.5000000000000     
   1992.5000000000000     
   1997.5000000000000     
   2002.5000000000000     
   2007.5000000000000     
   2012.5000000000000     
   2017.5000000000000     
   2022.5000000000000     
   2027.5000000000000     
   2032.5000000000000     
   2037.5000000000000     
   2042.5000000000000     
   2047.5000000000000     
   2052.5000000000000     
   2057.5000000000000     
   2062.5000000000000     
   2067.5000000000000     
   2072.5000000000000     
   2077.5000000000000     
   2082.5000000000000     
   2087.5000000000000     
   2092.5000000000000     
   2097.5000000000000     
   2102.5000000000000     
   2107.5000000000000     
   2112.5000000000000     
   2117.5000000000000     
   2122.5000000000000     
   2127.5000000000000     
   2132.5000000000000     
   2137.5000000000000     
   2142.5000000000000     
   2147.5000000000000     
   2152.5000000000000     
   2157.5000000000000     
   2162.5000000000000     
   2167.5000000000000     
   2172.5000000000000     
   2177.5000000000000     
   2182.5000000000000     
   2187.5000000000000     
   2192.5000000000000     
   2197.5000000000000     
   2202.5000000000000     
   2207.5000000000000     
   2212.5000000000000     
   2217.5000000000000     
   2222.5000000000000     
   2227.5000000000000     
   2232.5000000000000     
   2237.5000000000000     
   2242.5000000000000     
   2247.5000000000000     
   2252.5000000000000     
   2257.5000000000000     
   2262.5000000000000     
   2267.5000000000000     
   2272.5000000000000     
   2277.5000000000000     
   2282.5000000000000     
   2287.5000000000000     
   2292.5000000000000     
   2297.5000000000000     
   2302.5000000000000     
   2307.5000000000000     
   2312.5000000000000     
   2317.5000000000000     
   2322.5000000000000     
   2327.5000000000000     
   2332.5000000000000     
   2337.5000000000000     
   2342.5000000000000     
   2347.5000000000000     
   2352.5000000000000     
   2357.5000000000000     
   2362.5000000000000     
   2367.5000000000000     
   2372.5000000000000     
   2377.5000000000000     
   2382.5000000000000     
   2387.5000000000000     
   2392.5000000000000     
   2397.5000000000000     
   2402.5000000000000     
   2407.5000000000000     
   2412.5000000000000     
   2417.5000000000000     
   2422.5000000000000     
   2427.5000000000000     
   2432.5000000000000     
   2437.5000000000000     
   2442.5000000000000     
   2447.5000000000000     
   2452.5000000000000     
   2457.5000000000000     
   2462.5000000000000     
   2467.5000000000000     
   2472.5000000000000     
   2477.5000000000000     
   2482.5000000000000     
   2487.5000000000000     
   2492.5000000000000     
   2497.5000000000000     
   2502.5000000000000     
   2507.5000000000000     
   2512.5000000000000     
   2517.5000000000000     
   2522.5000000000000     
   2527.5000000000000     
   2532.5000000000000     
   2537.5000000000000     
   2542.5000000000000     
   2547.5000000000000     
   2552.5000000000000     
   2557.5000000000000     
   2562.5000000000000     
   2567.5000000000000     
   2572.5000000000000     
   2577.5000000000000     
   2582.5000000000000     
   2587.5000000000000     
   2592.5000000000000     
   2597.5000000000000     
   2602.5000000000000     
   2607.5000000000000     
   2612.5000000000000     
   2617.5000000000000     
   2622.5000000000000     
   2627.5000000000000     
   2632.5000000000000     
   2637.5000000000000     
   2642.5000000000000     
   2647.5000000000000     
   2652.5000000000000     
   2657.5000000000000     
   2662.5000000000000     
   2667.5000000000000     
   2672.5000000000000     
   2677.5000000000000     
   2682.5000000000000     
   2687.5000000000000     
   2692.5000000000000     
   2697.5000000000000     
   2702.5000000000000     
   2707.5000000000000     
   2712.5000000000000     
   2717.5000000000000     
   2722.5000000000000     
   2727.5000000000000     
   2732.5000000000000     
   2737.5000000000000     
   2742.5000000000000     
   2747.5000000000000     
   2752.5000000000000     
   2757.5000000000000     
   2762.5000000000000     
   2767.5000000000000     
   2772.5000000000000     
   2777.5000000000000     
   2782.5000000000000     
   2787.5000000000000     
   2792.5000000000000     
   2797.5000000000000     
   2802.5000000000000     
   2807.5000000000000     
   2812.5000000000000     
   2817.5000000000000     
   2822.5000000000000     
   2827.5000000000000     
   2832.5000000000000     
   2837.5000000000000     
   2842.5000000000000     
   2847.5000000000000     
   2852.5000000000000     
   2857.5000000000000     
   2862.5000000000000     
   2867.5000000000000     
   2872.5000000000000     
   2877.5000000000000     
   2882.5000000000000     
   2887.5000000000000     
   2892.5000000000000     
   2897.5000000000000     
   2902.5000000000000     
   2907.5000000000000     
   2912.5000000000000     
   2917.5000000000000     
   2922.5000000000000     
   2927.5000000000000     
   2932.5000000000000     
   2937.5000000000000     
   2942.5000000000000     
   2947.5000000000000     
   2952.5000000000000     
   2957.5000000000000     
   2962.5000000000000     
   2967.5000000000000     
   2972.5000000000000     
   2977.5000000000000     
   2982.5000000000000     
   2987.5000000000000     
   2992.5000000000000     
   2997.5000000000000     
   3002.5000000000000     
   3007.5000000000000     
   3012.5000000000000     
   3017.5000000000000     
   3022.5000000000000     
   3027.5000000000000     
   3032.5000000000000     
   3037.5000000000000     
   3042.5000000000000     
   3047.5000000000000     
   3052.5000000000000     
   3057.5000000000000     
   3062.5000000000000     
   3067.5000000000000     
   3072.5000000000000     
   3077.5000000000000     
   3082.5000000000000     
   3087.5000000000000     
   3092.5000000000000     
   3097.5000000000000     
   3102.5000000000000     
   3107.5000000000000     
   3112.5000000000000     
   3117.5000000000000     
   3122.5000000000000     
   3127.5000000000000     
   3132.5000000000000     
   3137.5000000000000     
   3142.5000000000000     
   3147.5000000000000     
   3152.5000000000000     
   3157.5000000000000     
   3162.5000000000000     
   3167.5000000000000     
   3172.5000000000000     
   3177.5000000000000     
   3182.5000000000000     
   3187.5000000000000     
   3192.5000000000000     
   3197.5000000000000     
   3202.5000000000000     
   3207.5000000000000     
   3212.5000000000000     
   3217.5000000000000     
   3222.5000000000000     
   3227.5000000000000     
   3232.5000000000000     
   3237.5000000000000     
   3242.5000000000000     
   3247.5000000000000     
   3252.5000000000000     
   3257.5000000000000     
   3262.5000000000000     
   3267.5000000000000     
   3272.5000000000000     
   3277.5000000000000     
   3282.5000000000000     
   3287.5000000000000     
   3292.5000000000000     
   3297.5000000000000     
   3302.5000000000000     
   3307.5000000000000     
   3312.5000000000000     
   3317.5000000000000     
   3322.5000000000000     
   3327.5000000000000     
   3332.5000000000000     
   3337.5000000000000     
   3342.5000000000000     
   3347.5000000000000     
   3352.5000000000000     
   3357.5000000000000     
   3362.5000000000000     
   3367.5000000000000     
   3372.5000000000000     
   3377.5000000000000     
   3382.5000000000000     
   3387.5000000000000     
   3392.5000000000000     
   3397.5000000000000     
   3402.5000000000000     
   3407.5000000000000     
   3412.5000000000000     
   3417.5000000000000     
   3422.5000000000000     
   3427.5000000000000     
   3432.5000000000000     
   3437.5000000000000     
   3442.5000000000000     
   3447.5000000000000     
   3452.5000000000000     
   3457.5000000000000     
   3462.5000000000000     
   3467.5000000000000     
   3472.5000000000000     
   3477.5000000000000     
   3482.5000000000000     
   3487.5000000000000     
   3492.5000000000000     
   3497.5000000000000     
   3502.5000000000000     
   3507.5000000000000     
   3512.5000000000000     
   3517.5000000000000     
   3522.5000000000000     
   3527.5000000000000     
   3532.5000000000000     
   3537.5000000000000     
   3542.5000000000000     
   3547.5000000000000     
   3552.5000000000000     
   3557.5000000000000     
   3562.5000000000000     
   3567.5000000000000     
   3572.5000000000000     
   3577.5000000000000     
   3582.5000000000000     
   3587.5000000000000     
   3592.5000000000000     
   3597.5000000000000     
   3602.5000000000000     
   3607.5000000000000     
   3612.5000000000000     
   3617.5000000000000     
   3622.5000000000000     
   3627.5000000000000     
   3632.5000000000000     
   3637.5000000000000     
   3642.5000000000000     
   3647.5000000000000     
   3652.5000000000000     
   3657.5000000000000     
   3662.5000000000000     
   3667.5000000000000     
   3672.5000000000000     
   3677.5000000000000     
   3682.5000000000000     
   3687.5000000000000     
   3692.5000000000000     
   3697.5000000000000     
   3702.5000000000000     
   3707.5000000000000     
   3712.5000000000000     
   3717.5000000000000     
   3722.5000000000000     
   3727.5000000000000     
   3732.5000000000000     
   3737.5000000000000     
   3742.5000000000000     
   3747.5000000000000     
   3752.5000000000000     
   3757.5000000000000     
   3762.5000000000000     
   3767.5000000000000     
   3772.5000000000000     
   3777.5000000000000     
   3782.5000000000000     
   3787.5000000000000     
   3792.5000000000000     
   3797.5000000000000     
   3802.5000000000000     
   3807.5000000000000     
   3812.5000000000000     
   3817.5000000000000     
   3822.5000000000000     
   3827.5000000000000     
   3832.5000000000000     
   3837.5000000000000     
   3842.5000000000000     
   3847.5000000000000     
   3852.5000000000000     
   3857.5000000000000     
   3862.5000000000000     
   3867.5000000000000     
   3872.5000000000000     
   3877.5000000000000     
   3882.5000000000000     
   3887.5000000000000     
   3892.5000000000000     
   3897.5000000000000     
   3902.5000000000000     
   3907.5000000000000     
   3912.5000000000000     
   3917.5000000000000     
   3922.5000000000000     
   3927.5000000000000     
   3932.5000000000000     
   3937.5000000000000     
   3942.5000000000000     
   3947.5000000000000     
   3952.5000000000000     
   3957.5000000000000     
   3962.5000000000000     
   3967.5000000000000     
   3972.5000000000000     
   3977.5000000000000     
   3982.5000000000000     
   3987.5000000000000     
   3992.5000000000000     
   3997.5000000000000     
   4002.5000000000000     
   4007.5000000000000     
   4012.5000000000000     
   4017.5000000000000     
   4022.5000000000000     
   4027.5000000000000     
   4032.5000000000000     
   4037.5000000000000     
   4042.5000000000000     
   4047.5000000000000     
   4052.5000000000000     
   4057.5000000000000     
   4062.5000000000000     
   4067.5000000000000     
   4072.5000000000000     
   4077.5000000000000     
   4082.5000000000000     
   4087.5000000000000     
   4092.5000000000000     
   4097.5000000000000     
   4102.5000000000000     
   4107.5000000000000     
   4112.5000000000000     
   4117.5000000000000     
   4122.5000000000000     
   4127.5000000000000     
   4132.5000000000000     
   4137.5000000000000     
   4142.5000000000000     
   4147.5000000000000     
   4152.5000000000000     
   4157.5000000000000     
   4162.5000000000000     
   4167.5000000000000     
   4172.5000000000000     
   4177.5000000000000     
   4182.5000000000000     
   4187.5000000000000     
   4192.5000000000000     
   4197.5000000000000     
   4202.5000000000000     
   4207.5000000000000     
   4212.5000000000000     
   4217.5000000000000     
   4222.5000000000000     
   4227.5000000000000     
   4232.5000000000000     
   4237.5000000000000     
   4242.5000000000000     
   4247.5000000000000     
   4252.5000000000000     
   4257.5000000000000     
   4262.5000000000000     
   4267.5000000000000     
   4272.5000000000000     
   4277.5000000000000     
   4282.5000000000000     
   4287.5000000000000     
   4292.5000000000000     
   4297.5000000000000     
   4302.5000000000000     
   4307.5000000000000     
   4312.5000000000000     
   4317.5000000000000     
   4322.5000000000000     
   4327.5000000000000     
   4332.5000000000000     
   4337.5000000000000     
   4342.5000000000000     
   4347.5000000000000     
   4352.5000000000000     
   4357.5000000000000     
   4362.5000000000000     
   4367.5000000000000     
   4372.5000000000000     
   4377.5000000000000     
   4382.5000000000000     
   4387.5000000000000     
   4392.5000000000000     
   4397.5000000000000     
   4402.5000000000000     
   4407.5000000000000     
   4412.5000000000000     
   4417.5000000000000     
   4422.5000000000000     
   4427.5000000000000     
   4432.5000000000000     
   4437.5000000000000     
   4442.5000000000000     
   4447.5000000000000     
   4452.5000000000000     
   4457.5000000000000     
   4462.5000000000000     
   4467.5000000000000     
   4472.5000000000000     
   4477.5000000000000     
   4482.5000000000000     
   4487.5000000000000     
   4492.5000000000000     
   4497.5000000000000     
   4502.5000000000000     
   4507.5000000000000     
   4512.5000000000000     
   4517.5000000000000     
   4522.5000000000000     
   4527.5000000000000     
   4532.5000000000000     
   4537.5000000000000     
   4542.5000000000000     
   4547.5000000000000     
   4552.5000000000000     
   4557.5000000000000     
   4562.5000000000000     
   4567.5000000000000     
   4572.5000000000000     
   4577.5000000000000     
   4582.5000000000000     
   4587.5000000000000     
   4592.5000000000000     
   4597.5000000000000     
   4602.5000000000000     
   4607.5000000000000     
   4612.5000000000000     
   4617.5000000000000     
   4622.5000000000000     
   4627.5000000000000     
   4632.5000000000000     
   4637.5000000000000     
   4642.5000000000000     
   4647.5000000000000     
   4652.5000000000000     
   4657.5000000000000     
   4662.5000000000000     
   4667.5000000000000     
   4672.5000000000000     
   4677.5000000000000     
   4682.5000000000000     
   4687.5000000000000     
   4692.5000000000000     
   4697.5000000000000     
   4702.5000000000000     
   4707.5000000000000     
   4712.5000000000000     
   4717.5000000000000     
   4722.5000000000000     
   4727.5000000000000     
   4732.5000000000000     
   4737.5000000000000     
   4742.5000000000000     
   4747.5000000000000     
   4752.5000000000000     
   4757.5000000000000     
   4762.5000000000000     
   4767.5000000000000     
   4772.5000000000000     
   4777.5000000000000     
   4782.5000000000000     
   4787.5000000000000     
   4792.5000000000000     
   4797.5000000000000     
   4802.5000000000000     
   4807.5000000000000     
   4812.5000000000000     
   4817.5000000000000     
   4822.5000000000000     
   4827.5000000000000     
   4832.5000000000000     
   4837.5000000000000     
   4842.5000000000000     
   4847.5000000000000     
   4852.5000000000000     
   4857.5000000000000     
   4862.5000000000000     
   4867.5000000000000     
   4872.5000000000000     
   4877.5000000000000     
   4882.5000000000000     
   4887.5000000000000     
   4892.5000000000000     
   4897.5000000000000     
   4902.5000000000000     
   4907.5000000000000     
   4912.5000000000000     
   4917.5000000000000     
   4922.5000000000000     
   4927.5000000000000     
   4932.5000000000000     
   4937.5000000000000     
   4942.5000000000000     
   4947.5000000000000     
   4952.5000000000000     
   4957.5000000000000     
   4962.5000000000000     
   4967.5000000000000     
   4972.5000000000000     
   4977.5000000000000     
   4982.5000000000000     
   4987.5000000000000     
   4992.5000000000000     
   4997.5000000000000     
   5002.5000000000000     
   5007.5000000000000     
